,Age,Daily_Usage_Hours,Sleep_Hours,Parental_Control,Time_on_Gaming,Time_on_Education,Addiction_Level
0,13,4.0,6.1,0,1.7,1.2,10.0
1,17,5.5,6.5,0,4.0,1.8,10.0
2,13,5.8,5.5,0,1.5,0.4,9.2
3,18,3.1,3.9,0,1.6,0.8,9.8
4,14,2.5,6.7,0,0.9,1.1,8.6
5,13,3.9,6.3,0,0.0,1.4,8.8
6,16,6.3,6.7,0,2.7,1.0,10.0
7,13,5.1,6.1,0,1.6,0.5,8.0
8,13,3.0,9.1,0,2.2,1.3,7.3
9,18,3.9,5.8,0,0.4,1.0,9.1
10,18,4.9,7.0,0,0.6,0.8,10.0
11,14,1.6,5.9,0,2.7,1.0,9.8
12,19,7.4,5.8,0,0.4,0.4,10.0
13,17,8.7,5.5,1,1.3,1.5,10.0
14,15,6.4,8.5,1,1.2,0.0,10.0
15,19,4.4,6.6,1,1.5,1.8,10.0
16,15,5.4,7.8,0,1.3,1.1,10.0
17,15,3.0,6.1,1,1.9,0.2,10.0
18,19,7.9,8.5,1,1.9,1.3,10.0
19,18,5.4,5.9,0,1.0,0.4,10.0
20,15,3.0,5.1,1,1.7,2.0,6.2
21,16,2.7,6.3,1,2.6,0.9,9.9
22,14,2.7,5.1,0,1.3,0.2,9.5
23,19,6.9,3.6,1,1.3,1.2,10.0
24,19,4.6,7.2,0,0.8,1.1,6.0
25,16,5.5,5.9,0,1.3,1.3,8.4
26,19,6.2,4.5,0,1.6,1.0,10.0
27,19,4.9,9.3,0,4.0,0.9,10.0
28,17,6.6,8.1,1,1.7,1.6,10.0
29,19,8.6,5.2,0,1.8,0.7,10.0
30,15,4.1,4.5,0,1.0,0.5,7.7
31,19,4.2,6.9,1,2.2,0.9,10.0
32,19,8.0,5.5,0,1.3,2.6,10.0
33,16,3.3,5.3,0,3.2,0.0,10.0
34,16,4.7,6.6,1,1.1,1.2,9.6
35,15,3.9,6.3,1,1.5,1.5,8.4
36,13,4.4,6.8,0,0.0,0.0,4.6
37,13,8.3,6.2,1,0.0,1.5,10.0
38,16,7.4,6.9,0,0.7,0.7,10.0
39,16,1.7,6.8,1,0.6,0.0,7.0
40,13,6.2,8.3,0,1.4,0.9,10.0
41,19,5.2,7.2,0,1.7,0.6,10.0
42,15,3.3,5.3,0,1.0,0.0,7.9
43,13,6.9,6.2,1,1.9,0.7,10.0
44,13,6.6,5.0,0,1.4,0.4,10.0
45,18,1.0,6.2,0,0.0,2.0,4.7
46,17,6.7,4.7,0,0.8,1.7,10.0
47,19,7.1,7.1,0,2.4,0.0,10.0
48,18,4.7,6.5,0,1.0,0.0,9.2
49,14,8.1,7.2,1,2.2,1.9,10.0
50,14,4.3,5.9,1,1.4,1.4,10.0
51,17,3.9,8.4,0,1.6,1.0,9.5
52,13,9.0,7.3,1,1.5,0.0,10.0
53,15,4.5,7.8,1,1.2,2.4,9.5
54,14,4.4,4.1,1,1.4,0.6,10.0
55,19,5.9,8.5,0,1.5,0.7,8.3
56,17,3.3,6.1,1,1.0,0.2,9.4
57,15,2.9,5.5,1,1.6,1.3,8.1
58,17,3.4,4.7,0,1.7,0.7,9.4
59,17,6.3,7.4,0,1.5,1.9,10.0
60,19,3.7,7.9,0,2.1,0.9,6.0
61,18,4.7,6.9,0,1.3,0.0,7.8
62,17,6.7,7.9,0,1.3,1.4,9.7
63,18,5.3,7.7,1,2.4,1.6,9.4
64,17,8.7,5.2,1,0.6,0.4,10.0
65,17,3.9,8.0,0,0.0,1.1,5.5
66,16,7.4,6.6,1,0.8,0.6,10.0
67,18,6.8,10.0,1,1.0,2.0,9.8
68,18,7.0,8.0,1,0.6,0.4,9.7
69,16,5.8,7.2,0,0.7,0.5,9.1
70,17,4.1,5.5,1,2.1,2.0,10.0
71,19,4.9,4.4,1,1.2,0.5,10.0
72,18,4.4,6.6,1,1.6,0.8,9.7
73,19,6.3,3.0,0,1.1,0.1,10.0
74,15,5.8,6.9,1,1.2,1.5,10.0
75,13,6.5,7.2,0,2.0,1.1,10.0
76,17,5.8,7.0,1,2.2,2.2,10.0
77,19,5.1,7.0,0,1.7,0.9,7.6
78,13,5.2,6.0,1,0.0,1.2,10.0
79,13,4.8,8.6,1,2.4,1.6,8.7
80,19,4.3,4.3,0,0.6,0.3,8.3
81,19,7.6,6.4,0,0.0,0.0,10.0
82,17,5.5,6.9,1,1.1,0.2,7.6
83,15,4.8,6.3,1,1.3,1.2,10.0
84,19,7.4,6.3,1,2.9,0.0,10.0
85,16,3.8,5.1,0,0.5,1.3,7.6
86,13,7.3,5.6,0,2.0,0.9,10.0
87,19,0.7,4.6,0,0.2,1.3,5.7
88,14,3.0,6.6,0,2.3,1.0,8.6
89,19,4.0,7.4,0,0.8,0.0,9.9
90,16,8.1,6.8,0,2.5,1.5,10.0
91,17,5.2,6.6,0,1.4,1.0,10.0
92,18,1.7,6.2,0,1.9,0.7,6.5
93,15,6.8,7.4,0,1.6,0.7,10.0
94,18,6.4,10.0,0,3.2,1.4,10.0
95,17,7.2,7.4,0,0.5,0.5,10.0
96,18,3.3,5.7,1,1.2,0.3,10.0
97,16,4.7,8.5,0,1.3,0.3,8.2
98,18,2.8,7.0,0,1.0,0.6,5.1
99,16,6.2,8.7,1,2.5,1.0,8.8
100,17,6.7,8.5,0,3.5,1.5,10.0
101,14,2.2,5.1,1,2.2,1.1,8.1
102,13,4.1,6.3,0,2.2,0.3,9.0
103,13,5.3,5.9,1,2.6,0.9,10.0
104,18,4.7,3.4,1,0.0,0.0,6.6
105,19,4.5,7.4,1,1.0,0.9,8.0
106,13,5.6,5.8,1,0.0,1.5,7.1
107,15,7.3,5.0,0,1.1,0.8,10.0
108,18,4.6,9.4,1,1.7,1.6,6.9
109,15,2.0,5.9,0,1.3,1.4,5.7
110,14,1.6,6.1,0,0.8,1.5,6.0
111,18,2.0,7.5,1,1.9,1.3,5.2
112,16,3.0,4.7,1,3.3,0.0,10.0
113,15,6.9,3.9,0,2.8,1.8,10.0
114,16,5.5,5.4,1,0.0,0.8,8.4
115,15,6.6,9.5,0,1.7,2.8,10.0
116,19,8.3,5.7,0,0.8,1.2,10.0
117,18,3.6,3.1,1,0.3,1.5,10.0
118,17,5.4,3.1,0,0.3,0.5,9.8
119,19,2.1,7.3,1,1.5,1.6,5.3
120,16,7.8,7.4,0,1.1,1.3,10.0
121,14,4.3,3.9,1,1.4,1.8,9.0
122,18,7.4,7.4,0,0.9,1.6,10.0
123,18,6.4,7.9,1,2.4,0.7,8.6
124,13,2.0,8.4,0,0.8,2.4,6.8
125,15,2.6,6.8,1,2.8,1.1,5.5
126,13,4.4,5.0,0,1.1,0.7,10.0
127,16,4.8,6.5,0,3.7,0.0,10.0
128,15,7.7,5.9,0,2.9,0.9,10.0
129,17,4.2,5.6,0,0.4,0.2,10.0
130,17,4.6,5.7,0,2.5,1.7,10.0
131,19,2.9,6.5,0,1.1,0.0,9.6
132,14,6.8,5.5,0,2.6,0.7,10.0
133,18,4.7,5.9,0,2.4,0.6,10.0
134,19,4.1,7.6,0,0.2,1.5,8.0
135,14,0.0,6.0,0,1.6,0.0,5.2
136,15,4.3,9.3,1,2.6,0.8,6.5
137,13,3.3,8.0,0,1.5,0.8,9.2
138,14,8.0,5.8,1,2.4,1.4,10.0
139,17,5.0,5.1,1,2.4,1.3,10.0
140,18,2.5,4.8,1,0.0,3.0,5.0
141,14,4.8,4.0,1,2.2,1.4,10.0
142,18,5.0,5.5,1,0.6,1.5,9.0
143,16,7.1,3.0,1,2.3,2.1,10.0
144,18,7.9,6.5,1,0.8,0.3,10.0
145,14,7.4,6.4,1,0.0,1.0,8.9
146,15,2.5,5.4,0,1.2,1.7,7.4
147,19,6.4,7.8,1,3.6,2.2,10.0
148,16,7.0,7.9,0,0.8,0.0,9.6
149,13,5.1,4.3,0,0.8,2.2,8.9
150,14,6.9,7.1,0,0.8,0.3,7.9
151,13,4.0,6.2,0,2.5,0.8,10.0
152,16,6.6,9.4,0,1.8,0.5,10.0
153,18,5.7,6.2,0,1.0,1.9,10.0
154,13,2.9,5.8,0,1.7,0.9,8.6
155,17,4.8,4.1,0,1.6,1.4,10.0
156,16,7.3,6.3,0,1.7,2.4,10.0
157,13,4.9,5.6,1,0.7,1.3,10.0
158,19,6.7,5.9,1,2.1,0.2,10.0
159,19,2.2,8.2,1,1.1,2.3,6.0
160,13,3.3,7.6,0,0.0,0.6,6.2
161,14,6.8,4.8,1,0.0,1.6,10.0
162,18,5.2,6.6,1,1.9,1.6,10.0
163,19,6.0,3.1,0,1.8,1.6,10.0
164,15,5.9,5.0,1,2.7,1.2,10.0
165,19,3.7,4.6,1,2.2,1.8,10.0
166,17,8.4,7.7,0,1.5,1.4,10.0
167,15,0.8,7.4,1,0.9,1.2,4.2
168,18,7.2,3.0,1,2.6,1.6,10.0
169,13,4.6,5.3,1,2.2,0.8,9.5
170,19,2.4,6.8,0,1.3,0.9,6.5
171,16,4.3,6.6,0,1.4,0.0,8.3
172,14,6.8,6.1,1,1.7,1.7,9.7
173,13,6.3,5.4,0,1.4,1.8,9.6
174,13,5.3,9.7,1,1.3,0.0,8.8
175,17,4.4,5.7,1,1.0,0.6,8.0
176,16,8.1,6.7,1,0.0,1.8,9.5
177,13,3.6,6.0,1,2.2,0.8,7.8
178,17,5.0,5.5,1,1.6,1.2,10.0
179,17,4.1,7.2,0,1.7,0.7,8.6
180,19,4.3,9.2,1,1.2,0.0,7.3
181,18,4.2,7.6,1,1.1,0.8,8.4
182,18,6.4,4.4,0,1.2,0.4,10.0
183,16,3.3,7.2,1,1.8,1.6,7.6
184,19,5.7,8.0,1,2.7,1.9,10.0
185,16,5.7,6.2,0,1.5,0.0,10.0
186,13,1.8,4.1,1,1.9,0.8,6.4
187,17,0.2,5.4,1,1.2,0.1,5.8
188,16,2.7,6.9,1,2.9,0.9,9.1
189,17,4.3,6.7,0,0.0,1.8,6.7
190,16,4.5,6.5,0,2.0,1.0,10.0
191,18,4.6,5.6,0,0.9,1.6,10.0
192,16,7.5,5.9,0,2.1,0.8,10.0
193,16,5.3,6.1,1,0.0,0.9,7.9
194,15,4.9,4.8,0,0.0,1.0,8.4
195,15,5.4,6.9,0,1.2,1.2,5.3
196,14,0.5,6.2,0,2.3,1.2,6.6
197,17,7.6,6.0,1,0.3,1.3,10.0
198,19,7.6,3.0,0,3.1,2.0,10.0
199,19,2.5,5.6,0,1.4,1.2,8.7
200,19,5.5,6.4,1,0.8,0.3,9.0
201,16,2.7,4.6,0,1.0,2.6,9.6
202,19,7.0,5.4,0,1.8,0.4,10.0
203,16,5.3,5.0,1,2.7,1.7,10.0
204,15,4.7,5.3,0,1.9,0.9,10.0
205,19,5.4,4.9,1,1.1,2.4,10.0
206,17,8.5,5.2,1,2.7,3.0,10.0
207,17,6.2,4.4,1,1.2,0.0,10.0
208,16,2.7,5.1,0,0.9,1.0,9.3
209,17,3.5,5.1,1,0.9,1.1,7.5
210,18,3.5,7.2,0,2.9,0.8,9.4
211,14,6.6,5.0,1,0.0,1.1,10.0
212,16,6.1,7.5,0,1.9,2.6,10.0
213,17,3.3,5.6,1,1.7,0.2,8.6
214,13,6.3,7.2,0,0.4,1.8,10.0
215,14,6.5,7.9,1,2.5,0.7,10.0
216,19,4.6,8.4,0,2.2,0.7,10.0
217,13,1.6,6.0,0,1.2,0.9,6.1
218,18,8.1,7.7,1,0.7,0.0,10.0
219,16,4.7,5.8,1,1.2,1.3,10.0
220,15,8.8,7.1,1,0.5,1.2,10.0
221,17,8.9,7.0,0,1.8,0.5,10.0
222,17,3.0,3.5,1,3.3,1.0,10.0
223,13,4.5,7.8,0,0.0,0.9,6.5
224,17,5.4,7.5,1,0.4,1.6,10.0
225,15,6.3,3.0,1,0.9,0.2,10.0
226,16,5.9,5.8,1,1.6,2.0,10.0
227,18,10.6,9.1,1,1.2,2.5,10.0
228,15,4.3,6.3,1,1.5,1.3,10.0
229,16,7.9,6.5,1,1.5,2.3,10.0
230,16,2.8,5.9,0,1.7,1.0,8.1
231,13,3.8,6.7,1,1.8,0.4,7.8
232,13,5.6,9.4,0,2.5,0.9,10.0
233,19,9.7,5.8,1,0.4,0.6,10.0
234,18,4.3,8.0,0,2.4,1.9,8.9
235,16,5.0,3.3,1,2.2,2.5,10.0
236,17,4.8,10.0,1,1.3,0.5,6.4
237,13,4.2,7.0,0,1.9,1.3,8.6
238,16,8.4,7.7,1,0.8,0.9,10.0
239,19,6.2,7.9,0,0.6,0.2,8.6
240,16,4.8,5.4,0,1.6,0.5,8.7
241,17,8.0,7.7,0,1.3,1.6,10.0
242,13,6.7,3.5,1,1.0,0.2,10.0
243,19,7.2,4.4,0,0.3,0.0,10.0
244,17,6.0,5.6,0,1.8,1.1,10.0
245,17,7.4,4.6,1,1.3,0.0,10.0
246,15,7.5,8.5,0,0.7,1.1,10.0
247,16,7.0,6.8,0,1.4,1.1,10.0
248,15,5.8,7.3,1,1.5,2.1,8.7
249,13,3.9,8.0,0,0.0,0.7,6.1
250,17,5.3,6.2,0,0.2,0.7,10.0
251,14,3.0,5.6,0,0.9,0.9,9.0
252,18,4.2,6.2,1,0.9,0.9,7.2
253,17,7.8,6.6,0,3.0,1.8,10.0
254,18,5.0,6.6,0,1.0,0.0,6.5
255,19,6.4,5.1,0,3.2,1.0,10.0
256,16,4.7,3.0,0,1.2,1.4,9.5
257,18,6.1,5.3,1,0.8,0.5,10.0
258,13,5.0,5.4,0,1.5,0.3,10.0
259,14,3.4,8.4,0,1.4,2.2,6.8
260,18,2.0,7.1,0,0.8,2.0,5.7
261,19,6.6,6.9,1,1.8,1.4,10.0
262,19,2.0,7.9,1,0.0,2.1,4.9
263,15,3.5,6.5,1,2.3,1.6,8.1
264,14,8.0,4.8,1,1.8,2.1,10.0
265,14,7.5,6.2,0,0.6,0.2,10.0
266,19,5.0,7.6,1,2.1,0.8,10.0
267,19,1.6,4.8,0,1.1,0.7,5.4
268,18,8.2,5.1,1,1.3,2.3,10.0
269,17,4.0,3.3,1,0.2,1.7,10.0
270,17,3.5,10.0,0,0.8,0.6,4.4
271,14,2.6,7.0,0,2.5,0.4,7.5
272,13,7.6,7.8,0,2.6,1.2,10.0
273,15,7.1,9.6,1,1.2,1.3,6.2
274,14,6.8,5.8,0,1.1,0.0,7.8
275,15,3.7,5.5,0,0.2,0.7,8.2
276,15,5.2,5.2,1,1.4,0.5,9.4
277,14,6.2,6.2,1,1.4,1.1,9.6
278,14,3.4,7.1,1,0.9,1.5,8.3
279,18,3.2,5.4,0,1.1,0.5,10.0
280,14,3.3,4.9,1,0.0,1.4,6.7
281,13,4.0,4.4,0,2.8,1.2,10.0
282,18,4.0,8.8,0,3.7,0.9,10.0
283,16,4.3,7.0,1,1.5,0.0,10.0
284,16,3.8,6.0,1,1.6,0.9,10.0
285,15,2.6,6.7,0,2.7,2.0,8.0
286,16,6.3,5.9,0,1.1,0.0,10.0
287,19,3.3,5.0,0,2.8,0.5,10.0
288,16,5.9,5.0,0,1.8,2.0,10.0
289,16,2.9,3.3,0,0.0,0.6,7.7
290,18,5.5,7.5,1,1.9,0.4,10.0
291,18,4.7,7.2,0,2.2,0.7,9.6
292,18,8.6,8.1,0,2.1,2.1,10.0
293,17,5.0,4.3,0,2.4,0.8,10.0
294,13,7.0,5.7,1,1.2,1.0,10.0
295,16,3.4,5.5,1,0.6,1.4,6.0
296,19,2.7,7.3,0,0.9,1.7,6.8
297,17,4.6,8.9,0,0.8,0.3,4.4
298,19,4.2,7.5,0,3.8,1.6,8.9
299,17,4.0,7.1,1,3.4,1.0,10.0
300,13,5.3,4.4,0,1.9,1.0,10.0
301,18,3.3,6.7,0,0.0,0.2,3.3
302,17,3.4,6.2,0,2.3,2.3,10.0
303,18,3.7,6.5,1,3.3,1.3,7.8
304,18,5.2,6.3,0,0.0,0.7,10.0
305,17,8.2,7.6,0,0.0,1.2,9.8
306,13,6.2,6.1,1,1.9,0.7,10.0
307,16,7.0,7.4,1,1.6,1.3,10.0
308,13,3.7,5.3,1,1.6,2.2,8.5
309,15,8.2,5.1,1,1.4,1.5,10.0
310,15,7.5,8.4,1,2.3,1.2,9.9
311,16,2.5,6.7,1,2.1,0.7,5.4
312,16,6.0,6.7,0,2.2,0.0,10.0
313,19,4.8,4.8,0,1.2,1.5,9.3
314,16,4.5,8.7,0,0.9,0.3,7.0
315,18,6.2,6.9,1,1.4,1.9,10.0
316,18,7.8,5.4,0,1.3,0.9,10.0
317,16,6.5,6.0,0,0.7,0.0,10.0
318,17,4.1,10.0,1,1.6,0.0,5.5
319,15,4.0,6.5,1,0.4,0.3,7.6
320,17,3.8,7.0,1,0.0,0.4,8.7
321,13,5.3,5.7,1,2.0,0.3,10.0
322,18,2.4,7.2,1,1.9,0.0,8.4
323,16,3.3,5.7,1,2.9,2.2,10.0
324,16,6.8,8.5,0,3.0,0.3,10.0
325,14,6.2,5.8,0,1.9,1.1,10.0
326,14,3.9,5.3,1,2.4,0.3,10.0
327,16,3.7,6.7,0,0.0,0.0,5.0
328,15,4.5,5.3,0,1.7,1.0,9.4
329,15,7.3,4.4,0,2.5,1.0,10.0
330,17,6.9,8.3,1,1.4,1.4,10.0
331,16,6.9,8.1,0,1.8,0.5,10.0
332,17,6.8,5.4,0,0.3,1.6,10.0
333,17,4.7,6.9,0,0.9,1.3,7.8
334,18,4.3,3.8,1,1.0,0.7,9.0
335,15,2.2,3.8,1,3.3,1.2,10.0
336,19,4.3,5.4,1,2.0,0.2,10.0
337,13,4.0,6.7,0,1.1,1.4,9.2
338,14,9.2,8.3,1,1.0,1.9,10.0
339,19,6.7,5.8,1,1.4,1.7,10.0
340,16,5.3,8.5,0,0.7,1.1,9.0
341,19,2.9,8.1,1,2.3,0.8,6.8
342,19,5.1,9.9,1,1.2,1.2,7.1
343,15,3.2,8.8,1,1.7,1.4,6.5
344,18,6.1,7.4,0,2.0,1.1,9.2
345,13,3.4,5.4,0,0.8,1.1,7.5
346,13,5.7,5.8,1,1.4,1.2,10.0
347,15,3.1,9.2,1,1.1,0.2,7.7
348,17,2.6,6.9,1,2.2,2.9,6.2
349,13,4.3,6.4,0,1.0,1.2,6.4
350,18,6.7,6.6,0,0.3,1.7,10.0
351,17,8.6,6.0,0,0.1,0.9,10.0
352,14,3.2,7.3,1,0.3,1.4,6.0
353,19,7.1,8.7,0,1.6,1.1,10.0
354,14,6.8,7.5,0,1.2,1.3,9.7
355,13,8.8,6.8,1,1.0,2.0,10.0
356,16,5.0,6.6,0,1.7,2.2,10.0
357,17,5.5,6.8,1,4.0,0.0,10.0
358,18,4.6,6.6,1,0.5,2.5,6.9
359,15,4.8,7.5,1,1.1,1.2,9.1
360,16,4.3,7.1,1,3.1,0.8,6.7
361,15,6.4,6.3,0,0.7,1.3,10.0
362,17,2.2,4.9,1,1.5,2.4,8.5
363,14,6.9,7.4,0,1.3,1.2,10.0
364,19,3.8,6.5,0,1.2,1.0,10.0
365,18,4.1,7.5,0,1.6,1.4,7.0
366,13,5.1,7.9,1,1.2,0.7,8.5
367,16,1.8,6.7,0,1.8,0.7,9.3
368,16,6.1,7.2,0,1.6,0.5,10.0
369,16,4.8,7.7,1,1.2,1.2,6.6
370,13,8.4,6.6,1,2.5,0.2,10.0
371,13,6.5,5.6,1,3.1,1.2,10.0
372,17,3.7,6.8,0,2.4,0.6,10.0
373,18,8.9,3.9,1,1.4,3.0,10.0
374,16,4.1,6.8,0,2.9,0.7,7.9
375,18,4.1,4.4,0,1.3,1.5,10.0
376,19,4.0,7.2,1,1.6,2.0,8.4
377,18,6.8,8.8,1,0.2,1.9,10.0
378,15,3.1,7.3,1,1.8,0.8,7.9
379,15,7.6,6.5,0,1.6,1.2,10.0
380,19,5.5,5.2,1,1.4,0.5,10.0
381,16,4.9,3.3,0,1.1,1.1,7.4
382,17,6.1,6.1,0,2.0,0.5,10.0
383,15,2.2,3.0,1,0.6,0.8,7.2
384,16,7.7,7.3,1,1.6,1.6,10.0
385,14,1.9,3.9,0,2.2,0.9,7.2
386,14,5.6,4.1,0,3.6,0.9,10.0
387,17,3.0,8.9,1,0.2,1.1,6.3
388,18,1.8,5.7,0,2.8,0.0,10.0
389,13,4.5,5.2,0,1.5,0.7,10.0
390,18,3.1,8.1,1,2.3,1.6,8.1
391,16,5.8,5.7,1,1.2,0.6,10.0
392,15,7.6,6.0,1,4.0,1.5,10.0
393,15,6.2,6.1,0,1.0,1.4,9.4
394,13,1.4,5.2,0,2.2,1.4,7.5
395,18,4.4,6.2,0,2.8,0.9,9.9
396,17,7.4,6.5,0,0.6,2.0,9.5
397,18,6.5,3.4,0,1.8,0.8,10.0
398,17,3.9,4.4,1,1.0,1.5,10.0
399,18,4.0,5.3,1,1.2,0.8,10.0
400,14,3.3,8.8,1,0.4,0.8,6.1
401,18,6.5,6.9,1,0.9,1.7,10.0
402,16,5.4,3.0,0,0.5,1.3,10.0
403,19,3.1,8.0,0,0.5,1.8,6.5
404,13,4.4,7.3,0,1.2,0.5,7.4
405,15,4.9,5.2,0,1.1,2.3,10.0
406,19,5.6,8.0,1,0.3,0.5,8.1
407,17,6.4,7.1,0,0.6,1.8,10.0
408,13,8.7,8.6,0,2.2,1.9,10.0
409,18,6.7,3.9,1,1.6,0.3,10.0
410,14,8.7,6.0,1,1.3,1.0,10.0
411,14,1.9,3.6,1,1.3,0.7,8.0
412,19,7.8,5.3,0,1.0,0.0,10.0
413,16,3.7,5.9,1,0.9,0.9,7.0
414,15,8.4,5.2,0,2.9,0.1,10.0
415,16,8.8,7.3,1,1.9,0.6,10.0
416,17,6.2,6.2,0,1.9,1.6,10.0
417,15,3.8,3.9,1,1.9,1.3,8.2
418,15,6.0,7.4,1,0.4,0.6,10.0
419,15,2.4,8.3,0,0.2,0.9,7.2
420,14,5.7,5.5,1,1.4,2.2,10.0
421,17,6.3,6.5,0,0.2,0.8,7.8
422,17,6.3,5.0,0,0.7,0.6,8.6
423,16,0.0,6.6,0,0.8,1.3,5.3
424,13,6.3,8.8,0,3.0,2.2,10.0
425,19,5.2,7.4,1,0.7,1.8,8.1
426,13,3.5,5.0,0,1.6,1.5,5.4
427,15,4.5,8.2,1,2.4,1.8,10.0
428,14,4.9,6.5,1,2.1,1.1,10.0
429,13,4.0,4.8,1,1.0,0.3,9.1
430,18,4.2,5.1,1,1.7,1.3,10.0
431,14,6.2,6.7,0,0.8,1.6,10.0
432,16,3.8,8.8,1,1.8,0.0,9.3
433,16,4.1,3.6,0,2.0,0.5,10.0
434,19,4.3,6.4,0,1.5,1.4,5.9
435,17,4.7,8.3,0,0.6,1.1,8.3
436,19,4.5,5.3,1,1.7,1.9,8.7
437,13,3.5,5.5,0,1.2,0.4,6.6
438,18,4.1,5.7,1,0.4,1.3,8.8
439,13,4.9,7.2,1,1.1,2.4,9.4
440,18,7.3,5.4,0,0.3,1.8,10.0
441,18,6.7,6.1,1,0.8,2.3,10.0
442,19,6.5,7.4,1,1.6,0.9,9.8
443,16,7.3,10.0,0,2.2,0.0,10.0
444,14,6.8,7.7,1,1.5,0.9,10.0
445,14,3.7,7.5,1,1.8,0.4,10.0
446,19,5.0,6.9,1,2.3,0.0,10.0
447,19,6.8,9.4,1,1.1,1.0,9.4
448,19,6.6,8.6,0,2.1,0.9,9.7
449,13,3.8,5.2,0,0.4,1.6,10.0
450,19,3.9,8.4,1,0.6,1.7,3.9
451,15,2.5,6.1,0,1.3,1.3,8.1
452,17,5.5,7.5,1,1.0,0.3,7.8
453,17,3.4,9.0,1,1.3,1.0,5.7
454,17,5.9,7.7,0,1.6,0.7,8.9
455,15,6.7,5.1,0,1.5,0.5,10.0
456,13,5.4,6.2,1,0.6,2.3,9.3
457,18,5.1,7.1,0,1.3,0.5,7.4
458,16,4.0,7.1,0,0.4,1.6,7.9
459,16,2.1,5.2,0,2.6,1.0,10.0
460,17,8.6,6.0,1,1.7,2.0,10.0
461,17,6.2,6.5,0,2.3,2.0,10.0
462,13,3.8,3.7,0,0.9,1.2,7.4
463,14,7.4,4.0,1,1.0,1.3,10.0
464,13,5.4,4.3,1,3.4,0.9,10.0
465,19,5.2,8.6,0,1.0,1.6,6.2
466,16,7.2,3.9,1,0.3,2.0,10.0
467,16,2.8,6.1,1,1.9,2.2,6.7
468,15,7.8,7.9,1,0.2,0.5,9.3
469,16,4.7,7.6,0,1.1,0.2,10.0
470,19,5.6,6.1,0,0.4,3.0,10.0
471,13,3.8,7.1,1,1.8,0.1,10.0
472,18,5.0,8.5,0,1.3,1.2,10.0
473,19,5.2,8.7,1,0.1,0.3,8.8
474,17,10.2,10.0,0,1.0,1.6,10.0
475,13,1.1,9.0,1,2.6,1.7,7.3
476,14,2.4,6.0,1,1.5,1.4,8.3
477,17,5.5,7.4,1,1.5,0.6,9.1
478,16,5.0,7.9,1,0.0,0.8,6.2
479,15,2.2,7.2,0,0.7,0.7,4.7
480,16,5.2,7.6,1,0.9,1.4,10.0
481,19,4.6,6.8,0,0.0,0.0,9.5
482,17,7.6,6.6,1,2.9,2.1,10.0
483,16,5.0,6.8,1,0.0,2.5,6.0
484,15,4.9,4.7,0,1.1,0.4,10.0
485,14,7.1,7.9,0,3.2,0.5,9.8
486,17,3.6,4.8,0,0.9,0.3,8.3
487,14,6.4,6.4,0,1.9,0.5,10.0
488,19,4.4,8.7,1,0.1,0.8,10.0
489,19,4.8,7.1,1,0.7,1.2,9.5
490,15,10.2,4.7,1,2.2,1.3,10.0
491,15,5.0,7.7,0,0.9,0.0,10.0
492,14,6.8,6.2,0,1.1,0.4,8.2
493,13,4.1,5.0,0,1.3,1.4,10.0
494,15,7.0,4.3,0,2.2,0.7,10.0
495,15,5.8,6.9,0,2.4,2.0,10.0
496,14,4.2,3.6,1,2.3,1.4,10.0
497,13,4.0,10.0,1,0.7,1.3,4.9
498,13,4.6,3.3,0,3.4,0.8,10.0
499,18,5.4,8.7,1,0.2,0.7,6.0
500,15,3.9,6.5,0,1.3,0.0,7.8
501,17,4.3,3.8,0,1.1,0.4,9.8
502,19,3.6,7.2,0,0.1,1.1,5.9
503,15,2.8,8.9,1,0.3,0.7,6.8
504,17,4.3,7.4,0,1.6,2.0,9.6
505,19,8.6,6.6,1,2.2,0.7,10.0
506,18,6.0,4.4,1,0.1,0.8,9.8
507,14,3.0,6.1,1,2.0,1.1,9.5
508,17,2.7,6.6,1,2.4,0.3,8.3
509,13,7.2,7.5,1,3.1,1.1,10.0
510,13,3.3,5.2,1,1.3,0.3,6.1
511,15,5.7,5.8,1,2.9,0.8,10.0
512,16,2.8,5.1,1,1.2,1.4,4.6
513,13,7.1,6.2,1,1.5,0.9,10.0
514,13,3.4,7.9,0,2.0,0.8,9.0
515,15,5.8,7.1,1,1.4,0.7,10.0
516,19,3.9,8.9,1,1.0,0.6,6.2
517,14,6.2,6.2,1,2.6,0.0,10.0
518,13,0.0,6.7,1,1.7,1.3,5.8
519,19,5.6,8.8,1,2.7,0.7,10.0
520,19,2.5,6.6,0,0.6,0.9,5.6
521,17,8.1,6.4,1,2.0,1.9,10.0
522,18,3.8,7.2,1,1.8,0.9,6.4
523,14,9.3,6.3,1,2.5,0.0,10.0
524,16,0.4,7.5,1,2.5,1.0,4.8
525,19,3.6,8.3,0,2.2,1.7,7.5
526,16,4.1,6.4,1,2.7,1.1,10.0
527,17,2.3,7.2,0,1.2,1.0,9.2
528,19,4.3,4.9,1,1.0,1.4,8.1
529,16,4.6,7.3,1,2.1,0.4,10.0
530,18,6.1,4.8,0,2.3,0.0,10.0
531,17,3.9,8.0,0,2.1,0.2,9.9
532,17,3.9,6.6,1,0.5,0.0,6.4
533,16,3.8,4.8,0,1.4,0.0,6.7
534,15,2.2,5.1,0,1.2,1.1,8.7
535,17,3.2,3.0,1,1.7,0.2,10.0
536,13,6.1,8.0,0,1.6,1.4,7.9
537,13,7.6,7.2,1,1.7,0.7,10.0
538,17,4.5,7.3,1,2.4,1.4,10.0
539,18,5.9,4.9,0,2.8,0.3,10.0
540,15,2.2,10.0,1,3.6,1.3,8.6
541,15,5.3,5.7,1,1.3,1.5,9.6
542,18,3.4,5.6,0,2.1,1.2,9.8
543,14,6.6,5.1,1,3.0,1.5,10.0
544,15,6.0,3.0,1,1.2,1.1,10.0
545,18,4.7,4.6,1,1.0,1.3,10.0
546,15,5.7,5.4,0,0.0,0.0,9.7
547,19,3.2,3.6,1,2.1,1.0,10.0
548,19,2.4,5.6,1,1.7,1.1,8.6
549,13,4.2,6.0,0,1.1,1.5,6.9
550,15,7.2,8.4,1,3.0,0.1,10.0
551,15,4.6,6.7,1,0.0,1.0,6.3
552,17,1.1,7.0,0,3.3,2.1,8.0
553,17,4.5,4.4,0,0.6,1.5,10.0
554,16,1.9,6.2,1,3.4,0.0,8.5
555,15,4.1,8.5,0,1.3,1.9,7.3
556,16,7.3,8.1,0,0.0,1.9,10.0
557,17,9.1,4.7,0,2.8,0.6,10.0
558,15,4.8,7.8,1,2.0,1.5,8.6
559,13,5.9,7.5,0,0.3,0.3,9.3
560,19,4.1,4.2,0,0.6,0.1,8.1
561,18,1.5,8.6,0,3.2,2.2,10.0
562,19,5.4,4.7,1,1.4,2.6,10.0
563,17,2.3,7.1,1,0.4,0.6,8.2
564,19,5.0,6.5,1,3.3,0.0,9.3
565,17,4.2,7.9,1,1.0,0.7,8.6
566,15,0.2,5.4,0,0.3,0.4,4.2
567,15,8.6,7.4,0,2.7,1.5,10.0
568,18,4.2,7.0,1,1.0,0.7,7.3
569,19,4.3,6.0,1,2.3,1.6,10.0
570,17,5.4,5.1,0,0.8,1.6,10.0
571,13,6.3,5.3,1,3.0,0.2,10.0
572,17,7.2,8.4,1,4.0,1.6,10.0
573,13,6.7,6.6,1,2.0,1.6,10.0
574,16,7.3,7.1,1,2.3,1.0,10.0
575,14,5.2,5.3,1,3.2,1.8,10.0
576,18,5.7,9.9,0,2.8,1.5,8.3
577,16,4.6,8.8,1,2.3,1.2,7.1
578,16,3.0,7.8,1,2.0,0.6,6.3
579,13,3.1,6.8,1,1.4,1.1,7.4
580,13,4.3,6.5,1,2.0,1.3,10.0
581,18,4.4,7.0,0,1.4,1.0,10.0
582,16,10.5,8.0,0,0.0,0.9,10.0
583,16,2.1,7.6,1,1.5,1.0,5.9
584,18,5.4,4.2,1,1.4,0.3,10.0
585,13,4.4,5.2,1,0.8,1.8,10.0
586,14,1.9,4.6,0,2.4,1.8,9.1
587,15,6.4,5.8,0,1.3,1.7,10.0
588,16,4.9,7.1,0,3.1,1.2,10.0
589,16,4.3,7.3,1,0.6,2.5,10.0
590,17,6.1,6.6,0,1.1,1.0,10.0
591,19,3.9,7.7,1,1.4,0.8,8.4
592,17,6.2,8.3,0,2.1,0.8,10.0
593,19,3.2,4.2,1,1.1,0.9,8.9
594,16,3.9,6.3,1,4.0,2.5,10.0
595,16,9.1,5.8,0,2.6,0.0,10.0
596,17,2.8,6.4,0,0.9,0.6,8.0
597,18,8.0,7.5,1,1.3,0.7,10.0
598,19,6.7,5.9,0,2.7,0.3,10.0
599,15,5.7,6.7,0,3.9,1.0,10.0
600,17,7.0,7.0,1,1.8,1.9,10.0
601,16,7.4,5.4,1,0.6,0.5,10.0
602,16,6.8,4.6,1,2.2,0.8,10.0
603,19,8.1,6.9,0,1.2,0.4,10.0
604,15,4.7,6.8,1,0.9,0.7,7.1
605,14,7.5,7.8,0,0.1,1.5,6.7
606,13,3.7,5.8,0,1.0,1.5,9.7
607,14,5.3,3.4,0,1.6,1.1,10.0
608,17,5.2,7.8,1,1.8,0.2,10.0
609,16,2.4,4.2,0,1.6,1.1,8.0
610,18,0.5,5.3,0,1.0,1.1,2.4
611,16,7.6,7.9,1,1.1,1.9,10.0
612,14,7.0,7.1,1,0.1,1.2,10.0
613,19,3.6,7.8,1,1.2,0.7,9.8
614,17,6.2,6.3,1,1.1,0.5,9.1
615,16,8.3,6.9,0,1.9,0.8,10.0
616,15,6.6,5.9,0,2.0,0.7,10.0
617,13,6.7,5.2,0,1.7,0.5,10.0
618,14,4.7,7.9,1,2.0,1.0,9.7
619,16,5.5,5.3,1,0.6,1.1,9.9
620,19,4.9,5.9,0,0.7,0.5,10.0
621,15,6.7,6.5,0,1.2,0.0,9.9
622,18,7.3,6.6,1,0.8,1.0,10.0
623,17,4.7,5.0,1,1.6,0.7,8.7
624,14,5.3,6.8,1,1.7,1.4,9.8
625,13,7.3,8.1,1,1.5,1.6,9.3
626,15,5.5,5.3,1,1.3,0.9,9.4
627,14,2.6,7.2,0,1.5,1.4,9.0
628,13,2.4,7.1,0,0.7,0.7,7.2
629,13,4.3,5.8,1,1.3,1.2,10.0
630,13,1.1,6.8,1,3.8,0.0,10.0
631,16,5.7,8.6,1,2.1,1.7,9.1
632,14,6.9,7.9,1,1.8,0.9,10.0
633,15,2.9,5.9,1,0.1,1.3,4.2
634,15,4.6,7.4,1,2.5,1.9,10.0
635,15,5.3,5.9,0,1.3,0.2,10.0
636,14,3.9,3.7,1,1.9,0.8,10.0
637,13,5.1,5.5,1,1.2,1.0,10.0
638,16,4.0,5.1,1,2.0,1.0,10.0
639,13,8.8,7.7,1,1.2,1.5,10.0
640,14,1.0,5.9,1,2.8,1.7,8.6
641,18,5.7,6.2,1,1.8,0.7,9.3
642,18,5.4,7.0,1,1.0,0.8,10.0
643,13,4.4,7.6,1,1.7,0.0,9.9
644,14,6.3,4.4,1,1.0,1.5,10.0
645,17,7.8,4.6,1,2.1,0.9,10.0
646,18,2.9,4.9,0,1.4,0.8,7.0
647,16,4.1,6.7,0,0.5,0.2,7.0
648,17,5.5,5.5,0,2.9,0.0,10.0
649,19,8.5,6.7,1,1.7,0.9,10.0
650,17,3.3,8.0,1,2.1,0.9,5.6
651,14,3.9,5.8,1,1.2,0.0,9.7
652,19,5.6,5.2,1,0.8,0.3,10.0
653,14,0.0,7.0,0,0.3,0.9,2.1
654,13,4.4,5.4,1,1.6,1.1,10.0
655,16,5.9,5.0,0,0.8,0.0,10.0
656,14,3.5,8.0,1,0.0,0.5,5.2
657,13,4.8,9.5,1,3.1,1.5,10.0
658,14,3.1,5.6,1,3.5,2.2,9.3
659,19,3.0,6.1,1,2.6,0.6,9.9
660,16,3.8,5.2,1,1.1,1.1,7.1
661,17,4.9,7.7,1,2.8,1.0,9.1
662,17,8.4,9.3,1,1.2,1.0,8.9
663,14,2.4,3.4,1,2.0,0.1,8.7
664,13,4.6,8.7,0,1.9,0.2,10.0
665,17,5.3,8.4,1,0.9,0.7,10.0
666,15,5.6,5.3,1,0.0,1.1,9.5
667,13,5.7,5.6,1,0.6,0.3,10.0
668,16,2.5,10.0,0,1.5,0.1,8.0
669,19,3.2,8.5,1,0.0,1.5,5.1
670,17,6.6,5.5,1,0.5,2.1,10.0
671,13,2.8,6.0,1,1.3,0.4,5.9
672,15,4.6,5.1,1,0.8,2.1,10.0
673,18,6.4,7.3,1,2.4,0.0,9.6
674,13,3.7,5.7,0,1.3,1.6,10.0
675,14,6.0,7.5,1,1.5,0.7,10.0
676,19,6.5,6.9,1,2.3,1.7,10.0
677,17,4.7,5.5,0,1.3,0.0,8.3
678,17,4.4,7.8,1,1.5,1.4,7.9
679,15,3.8,4.3,1,1.9,1.9,10.0
680,17,9.3,6.9,0,0.3,0.9,10.0
681,14,3.8,6.2,0,1.6,1.4,7.8
682,14,4.8,6.4,0,1.1,0.1,10.0
683,18,4.9,7.0,0,0.0,0.0,8.5
684,13,5.7,6.0,1,0.0,1.7,10.0
685,16,5.4,4.9,0,1.7,0.2,10.0
686,14,6.6,8.0,0,2.6,1.0,10.0
687,17,6.5,6.0,1,1.6,0.2,10.0
688,19,7.0,5.3,0,1.5,0.4,10.0
689,17,4.1,6.8,1,1.5,0.3,10.0
690,19,3.2,4.3,1,2.5,0.9,8.8
691,17,5.0,7.2,1,2.2,1.2,10.0
692,18,4.3,4.0,1,2.0,0.0,10.0
693,17,5.4,7.8,1,0.0,0.4,10.0
694,13,3.7,4.2,0,1.1,0.1,7.9
695,16,5.2,6.1,1,2.4,0.3,10.0
696,13,2.5,7.6,1,1.9,2.4,5.8
697,18,4.0,5.7,1,3.0,0.7,10.0
698,18,7.6,7.0,0,1.7,1.9,10.0
699,17,4.9,4.7,1,1.2,0.6,10.0
700,14,2.8,4.4,1,0.4,0.5,7.5
701,13,0.0,4.5,1,0.0,1.0,7.5
702,16,2.9,6.7,0,1.2,0.4,9.2
703,17,4.1,7.1,1,0.4,1.1,7.8
704,16,8.3,5.7,0,0.0,0.8,10.0
705,16,0.6,5.7,0,2.0,1.0,6.1
706,19,5.6,4.7,0,3.0,0.4,10.0
707,14,6.5,5.6,0,2.7,1.0,10.0
708,17,5.3,6.1,0,2.4,1.1,10.0
709,17,4.0,7.5,1,1.8,0.5,8.6
710,15,11.0,7.7,0,1.6,1.4,10.0
711,15,6.3,7.5,0,1.3,1.2,10.0
712,14,0.3,5.8,0,1.1,0.7,5.0
713,16,4.8,4.7,1,2.5,0.9,9.3
714,19,4.4,9.1,1,0.7,0.8,9.0
715,19,6.3,4.3,0,2.0,1.1,10.0
716,17,6.4,7.3,0,0.4,1.9,10.0
717,18,4.7,6.4,0,1.3,1.6,10.0
718,17,4.2,4.1,0,1.5,1.1,10.0
719,14,5.9,6.3,1,2.3,1.4,10.0
720,19,8.1,8.2,1,2.0,0.0,10.0
721,19,6.4,5.2,0,0.8,1.1,9.9
722,18,5.1,4.2,0,2.2,1.5,10.0
723,19,5.3,10.0,0,0.4,0.5,8.3
724,15,5.6,7.7,1,1.9,0.7,9.9
725,14,6.7,5.2,0,1.1,1.4,10.0
726,17,3.8,7.0,0,0.1,0.7,6.4
727,13,3.5,6.6,1,2.9,1.3,10.0
728,18,4.5,7.6,1,1.2,0.7,7.6
729,18,7.8,7.8,0,3.0,1.0,10.0
730,16,4.1,6.6,0,1.6,2.6,10.0
731,16,6.3,4.4,1,1.6,0.4,10.0
732,17,5.4,6.1,0,1.2,0.7,10.0
733,13,2.4,5.6,1,3.8,1.1,7.9
734,16,0.0,7.6,0,0.0,1.3,1.4
735,15,0.3,6.5,0,0.0,1.0,4.1
736,15,5.2,8.2,1,0.0,1.0,6.3
737,16,4.4,9.5,0,1.9,0.0,8.8
738,17,4.5,9.1,0,1.6,1.5,10.0
739,15,4.6,7.1,1,0.9,0.0,10.0
740,17,6.0,6.1,0,0.0,0.7,10.0
741,15,5.8,9.9,0,1.1,1.3,10.0
742,13,5.3,8.7,0,0.3,0.0,5.3
743,17,5.5,7.3,1,3.8,1.1,10.0
744,14,4.9,5.7,0,3.1,0.7,10.0
745,13,5.6,8.3,0,0.9,1.8,8.0
746,15,4.7,5.2,1,0.7,1.0,9.7
747,17,3.4,6.8,1,1.2,1.7,7.2
748,18,3.9,5.8,1,0.7,0.3,7.6
749,13,3.4,6.0,0,0.0,0.3,8.1
750,14,4.5,5.7,1,0.6,1.3,10.0
751,14,7.3,7.0,0,3.3,3.0,10.0
752,13,7.5,5.2,0,2.7,0.1,10.0
753,19,8.5,7.5,1,1.0,0.3,10.0
754,19,1.4,8.4,1,1.1,1.5,8.1
755,17,3.0,5.7,0,1.8,0.3,8.3
756,14,3.9,6.8,0,1.6,1.8,10.0
757,15,5.7,7.7,1,0.7,0.7,8.5
758,17,0.8,5.7,1,2.3,2.4,8.2
759,16,8.1,9.5,1,1.3,0.4,9.4
760,18,6.8,8.4,1,1.1,0.9,8.6
761,13,4.6,6.8,0,0.6,0.7,10.0
762,16,4.1,6.1,1,3.1,1.4,10.0
763,13,7.7,7.5,0,1.2,1.7,10.0
764,13,3.9,6.3,1,0.8,1.1,6.5
765,13,3.0,4.2,1,2.6,1.4,9.2
766,18,7.8,8.5,1,3.1,0.9,10.0
767,16,6.5,8.0,0,1.8,0.6,10.0
768,17,1.9,6.8,1,0.9,1.4,6.8
769,14,4.6,5.2,1,2.0,0.4,10.0
770,13,7.5,5.7,0,1.4,1.0,10.0
771,13,2.4,6.2,0,1.8,0.9,5.0
772,18,7.2,9.7,0,0.7,0.9,10.0
773,16,0.0,5.7,1,0.9,1.7,7.3
774,18,1.8,6.6,1,1.2,0.0,5.8
775,13,6.2,6.2,0,2.9,1.1,10.0
776,14,2.0,7.3,1,1.0,0.5,3.8
777,19,3.1,6.8,1,2.3,2.1,7.3
778,19,8.1,7.1,0,0.8,1.9,10.0
779,18,3.0,7.3,1,0.5,1.6,7.4
780,17,3.8,6.4,0,2.5,1.6,7.8
781,13,3.9,8.4,1,2.0,1.6,9.0
782,18,5.1,4.0,1,3.2,1.1,10.0
783,17,3.8,6.3,0,3.7,0.9,10.0
784,16,5.8,6.4,1,0.2,0.9,8.3
785,19,3.9,7.2,1,1.6,0.0,10.0
786,18,8.4,6.0,0,2.5,2.4,10.0
787,16,4.8,7.7,1,0.6,1.7,7.4
788,18,3.4,7.3,0,0.0,0.0,5.3
789,19,4.7,5.2,1,1.6,1.6,10.0
790,18,6.8,7.9,1,2.6,0.8,10.0
791,13,6.7,5.2,1,1.1,0.4,10.0
792,15,1.5,9.0,0,2.5,1.4,6.5
793,13,3.8,5.5,1,1.5,1.2,10.0
794,14,3.7,6.9,0,0.1,1.0,6.4
795,19,1.5,6.3,1,2.8,0.7,6.7
796,15,6.6,7.6,1,1.8,1.2,10.0
797,16,6.6,9.1,0,1.0,0.9,10.0
798,13,4.3,7.4,0,0.9,1.0,9.4
799,16,7.8,5.5,0,3.2,0.0,10.0
800,18,7.1,6.8,1,0.1,1.3,9.7
801,17,5.3,4.5,1,1.2,1.3,10.0
802,16,5.9,7.9,0,0.6,0.4,8.9
803,17,4.5,6.0,1,2.5,0.9,10.0
804,17,5.6,9.7,0,1.9,0.3,6.4
805,19,4.5,6.8,0,0.7,0.7,8.2
806,14,6.9,6.4,1,0.7,0.6,10.0
807,13,4.5,6.4,1,0.7,1.4,8.3
808,13,7.1,8.3,0,2.9,1.4,10.0
809,16,4.9,6.7,0,1.8,0.6,7.5
810,14,4.9,6.8,1,2.2,1.3,10.0
811,19,4.8,9.1,1,2.4,1.0,9.5
812,19,7.6,7.5,1,2.4,0.8,10.0
813,17,3.2,5.9,0,0.2,0.0,9.3
814,14,5.8,9.7,1,1.8,1.0,10.0
815,19,4.3,6.6,0,1.4,0.0,9.0
816,13,6.5,4.5,0,2.5,1.3,10.0
817,15,4.3,7.8,1,1.5,0.6,9.0
818,19,3.5,5.6,0,1.2,0.0,5.3
819,13,5.9,8.1,1,3.2,0.5,10.0
820,15,2.5,3.4,0,1.3,3.0,9.5
821,14,5.5,5.7,0,0.9,1.4,10.0
822,18,4.2,6.3,0,1.5,0.4,6.6
823,16,0.0,7.1,0,2.3,0.3,6.0
824,16,8.3,3.3,1,2.2,1.1,10.0
825,17,6.1,7.6,0,0.5,1.4,10.0
826,14,4.4,6.0,1,1.8,1.8,10.0
827,15,2.2,5.5,0,1.5,1.7,6.5
828,15,7.0,8.2,0,2.1,1.3,10.0
829,14,3.8,6.8,1,2.3,0.7,7.0
830,14,5.7,6.2,1,1.0,0.7,8.5
831,15,9.1,6.0,1,2.3,1.5,10.0
832,19,2.8,7.1,1,1.0,1.6,7.9
833,18,2.2,6.0,1,2.0,1.0,7.3
834,18,7.0,5.1,1,2.3,0.8,10.0
835,16,4.8,8.6,1,3.0,1.7,8.8
836,15,7.9,9.7,0,1.0,0.6,10.0
837,15,3.9,7.0,1,0.3,0.0,9.2
838,13,5.2,6.4,1,3.5,0.7,10.0
839,15,5.9,7.4,0,1.7,0.2,9.3
840,14,2.1,4.6,1,2.1,0.8,8.5
841,18,4.3,7.8,1,0.0,0.8,7.0
842,16,5.6,6.9,0,0.3,0.8,10.0
843,18,5.0,8.5,0,0.1,2.2,6.3
844,19,6.0,6.9,1,0.2,2.2,7.8
845,18,3.3,8.7,1,0.6,0.7,5.9
846,19,4.2,8.3,1,3.8,0.3,10.0
847,17,5.0,7.1,1,2.2,0.2,10.0
848,19,7.3,4.9,1,0.6,0.6,10.0
849,17,7.0,5.0,0,1.8,1.8,10.0
850,18,3.0,3.1,0,1.6,1.2,10.0
851,17,6.1,4.6,1,0.4,1.2,8.6
852,18,3.4,4.4,0,0.0,2.0,8.8
853,15,6.3,6.9,0,2.8,2.3,10.0
854,18,4.7,8.6,0,1.7,0.9,9.2
855,19,6.1,5.3,0,0.2,0.9,10.0
856,17,5.2,5.7,0,0.6,0.6,8.3
857,14,4.4,3.0,1,1.0,1.3,10.0
858,16,3.1,6.3,0,2.3,1.5,9.9
859,15,6.1,5.8,0,0.0,1.3,10.0
860,16,7.7,3.5,1,2.8,1.4,10.0
861,18,8.1,7.8,0,0.0,0.5,9.3
862,15,5.3,8.8,1,2.9,1.8,9.1
863,13,4.0,6.0,1,1.9,0.0,10.0
864,14,4.5,6.2,0,0.4,0.0,8.1
865,15,5.4,6.1,1,0.7,1.2,9.1
866,18,5.0,5.0,0,1.5,0.1,10.0
867,16,4.5,3.1,1,3.0,0.7,10.0
868,16,2.9,8.0,1,0.2,0.7,4.2
869,19,4.5,8.7,0,2.4,1.0,9.0
870,18,7.1,7.7,0,1.6,1.0,10.0
871,18,5.4,9.2,0,0.1,1.1,6.7
872,13,5.5,9.3,1,1.0,0.5,10.0
873,15,1.9,6.3,0,1.7,1.9,6.6
874,18,3.7,7.1,0,2.8,1.7,10.0
875,16,6.7,4.6,1,1.7,0.9,10.0
876,14,4.5,5.6,0,1.8,0.8,10.0
877,18,7.8,8.0,1,0.5,0.8,10.0
878,16,4.1,6.2,1,2.6,0.8,9.6
879,16,5.0,6.1,0,0.8,1.1,9.0
880,15,1.3,7.4,0,1.7,0.2,7.2
881,18,10.6,6.7,0,1.8,2.2,10.0
882,14,4.7,5.6,0,0.4,0.1,10.0
883,19,7.1,3.8,0,1.2,1.0,10.0
884,18,7.3,3.5,0,0.9,1.6,10.0
885,16,6.6,7.0,1,1.1,0.1,10.0
886,18,4.1,5.0,1,0.9,0.7,8.4
887,16,6.6,5.4,1,2.8,1.7,10.0
888,19,4.2,7.4,0,1.9,1.0,7.9
889,13,8.2,6.9,0,0.7,1.4,8.7
890,14,6.5,4.9,0,1.3,0.0,10.0
891,14,4.3,8.4,1,1.1,0.0,7.8
892,16,4.7,4.9,1,1.6,1.2,10.0
893,16,6.6,5.4,1,1.9,0.9,10.0
894,15,5.6,8.0,0,2.3,0.9,10.0
895,19,4.4,6.1,1,1.0,0.7,8.5
896,19,3.1,5.7,1,2.1,0.5,9.7
897,15,4.3,6.7,0,0.2,0.5,8.1
898,13,7.4,4.3,1,1.4,0.2,10.0
899,14,6.2,5.2,0,2.6,0.9,10.0
900,19,4.3,5.8,0,1.2,0.8,9.3
901,16,6.5,4.7,0,0.5,0.5,10.0
902,15,3.4,8.9,0,2.2,1.2,7.1
903,16,4.9,6.8,1,2.0,0.7,10.0
904,18,8.7,5.4,1,0.4,0.0,10.0
905,16,8.2,5.3,1,1.7,1.5,10.0
906,16,5.7,6.5,0,0.6,0.8,9.0
907,13,6.6,4.6,1,2.3,0.8,10.0
908,16,4.9,4.6,1,0.7,1.3,10.0
909,16,5.8,6.3,1,1.4,1.3,10.0
910,19,7.1,7.0,0,1.3,0.5,10.0
911,14,6.3,7.6,0,1.8,1.9,7.4
912,19,5.1,5.8,1,0.0,1.2,10.0
913,16,9.0,7.1,1,2.5,1.1,10.0
914,14,4.2,8.1,0,1.3,0.9,10.0
915,17,2.9,6.2,0,1.1,0.8,6.0
916,15,3.1,4.6,1,3.1,1.4,8.6
917,15,5.5,6.5,0,1.1,1.8,10.0
918,19,6.4,5.0,1,2.6,0.7,10.0
919,15,6.0,7.7,1,2.4,0.7,10.0
920,14,4.4,7.0,0,1.5,0.8,10.0
921,14,9.3,6.8,1,0.1,1.2,10.0
922,13,3.8,8.0,1,0.9,1.2,10.0
923,17,8.5,5.0,1,1.6,0.8,10.0
924,14,2.7,5.7,1,0.6,0.9,5.4
925,19,5.7,4.8,1,1.5,0.0,10.0
926,19,5.3,6.9,1,1.6,1.5,10.0
927,19,7.9,5.1,1,0.4,1.8,10.0
928,19,7.4,7.6,0,0.1,1.1,10.0
929,13,8.4,7.7,1,1.5,2.2,10.0
930,16,2.8,6.9,1,3.5,0.5,7.5
931,19,6.8,8.6,1,1.4,1.0,10.0
932,14,5.1,3.4,0,0.3,1.3,10.0
933,16,5.8,5.3,0,1.6,1.5,10.0
934,13,6.1,7.2,0,1.8,0.3,10.0
935,15,2.7,4.5,1,0.2,0.2,8.6
936,18,7.4,5.4,1,1.2,2.1,10.0
937,16,0.9,6.3,1,0.5,1.9,3.1
938,16,3.5,6.6,0,0.9,0.0,7.8
939,13,0.9,3.8,1,4.0,0.5,9.6
940,16,6.1,4.5,0,1.0,2.1,10.0
941,15,3.4,9.2,0,1.6,1.6,9.0
942,15,3.9,9.1,1,1.2,1.9,7.5
943,15,5.0,8.7,1,0.9,0.0,9.2
944,15,7.8,6.8,1,0.8,1.8,10.0
945,18,1.3,7.7,0,2.7,1.7,6.6
946,13,8.7,7.3,1,0.7,0.4,10.0
947,14,4.2,4.8,1,1.9,2.0,10.0
948,14,5.1,10.0,0,1.6,1.9,7.4
949,16,3.5,5.3,0,1.2,1.6,9.6
950,16,5.8,6.6,1,1.0,0.0,7.1
951,17,5.8,8.4,1,2.6,0.4,8.8
952,19,3.8,7.5,1,0.9,0.2,9.5
953,18,5.9,7.6,1,1.3,0.9,10.0
954,13,5.0,6.6,1,2.7,0.2,10.0
955,17,2.0,4.1,1,3.0,0.7,7.1
956,15,4.6,4.4,0,1.6,0.3,10.0
957,14,2.4,6.3,0,0.3,1.8,5.1
958,17,5.4,7.1,1,3.0,0.5,9.4
959,16,3.7,7.3,1,1.7,0.0,6.7
960,14,2.4,4.6,1,2.6,1.0,9.0
961,18,4.7,7.7,0,1.5,1.0,10.0
962,16,6.9,6.6,1,1.5,0.8,10.0
963,13,3.7,6.1,0,0.5,1.0,9.0
964,16,4.0,6.7,1,1.5,0.0,10.0
965,17,3.7,6.6,0,1.6,1.2,10.0
966,17,4.2,6.6,0,0.0,0.5,9.9
967,13,5.0,6.9,0,0.5,1.0,7.8
968,16,8.7,5.7,1,0.8,1.8,10.0
969,13,4.2,6.3,0,0.0,1.8,5.6
970,17,3.8,4.6,0,3.4,0.4,9.4
971,18,4.4,7.0,0,0.0,1.7,7.8
972,15,4.0,7.5,0,2.7,2.6,7.4
973,15,5.1,5.1,0,0.4,0.8,8.2
974,19,4.8,5.6,0,2.5,0.9,10.0
975,14,5.5,4.7,0,1.6,1.7,10.0
976,19,3.7,7.3,0,1.1,1.2,9.9
977,19,9.4,8.0,1,2.5,0.7,10.0
978,16,5.4,9.0,0,2.5,1.0,6.8
979,18,2.4,7.7,0,1.9,1.8,6.8
980,18,6.7,7.1,0,1.4,1.9,9.5
981,18,5.7,5.1,1,1.2,0.0,7.5
982,19,4.8,8.9,0,1.7,0.4,7.6
983,19,6.2,7.6,1,1.9,0.9,7.9
984,17,5.5,7.9,1,0.6,0.8,5.8
985,13,4.8,6.4,1,2.0,1.1,9.9
986,13,6.2,6.5,0,2.4,2.2,10.0
987,13,1.1,6.0,0,0.3,0.9,3.2
988,14,3.1,8.6,1,1.3,1.2,5.5
989,15,6.8,5.2,0,0.6,0.3,10.0
990,15,4.8,5.6,1,1.6,0.4,10.0
991,15,3.0,8.5,1,0.0,1.0,5.1
992,15,8.0,5.3,0,0.5,1.5,10.0
993,15,3.3,6.5,1,2.3,0.0,10.0
994,13,8.2,8.3,0,2.6,1.2,10.0
995,14,8.5,9.2,1,3.0,0.7,10.0
996,19,6.1,6.5,1,2.5,2.3,10.0
997,19,5.5,9.8,1,0.5,0.5,9.5
998,18,7.6,8.0,1,1.5,3.0,10.0
999,16,6.7,8.2,1,2.1,0.8,9.3
1000,17,5.5,5.7,1,0.8,0.7,10.0
1001,19,6.3,4.7,1,2.7,2.7,10.0
1002,15,4.4,9.7,1,1.6,1.2,7.3
1003,19,4.0,5.8,1,1.8,2.2,10.0
1004,19,1.5,6.8,0,3.4,0.1,8.1
1005,14,3.6,4.4,1,2.3,0.8,9.3
1006,19,6.0,5.3,1,1.8,0.8,8.0
1007,15,2.6,7.0,0,2.7,0.0,9.2
1008,15,4.5,5.3,0,1.2,1.8,10.0
1009,14,6.2,7.1,1,2.2,0.6,10.0
1010,13,2.7,6.7,1,1.6,1.1,7.0
1011,16,5.1,8.1,1,3.2,1.5,10.0
1012,19,5.9,8.2,0,2.8,1.7,10.0
1013,18,2.1,6.0,1,1.9,2.3,9.7
1014,15,4.3,5.7,0,0.0,1.7,6.8
1015,17,2.9,7.1,1,0.5,0.5,3.8
1016,16,3.4,9.7,1,1.1,2.0,3.4
1017,19,5.4,7.3,0,1.6,0.0,10.0
1018,15,3.5,5.5,1,2.3,1.9,9.9
1019,15,5.9,5.3,0,0.3,0.5,10.0
1020,18,3.0,4.8,0,1.8,0.3,7.1
1021,14,5.8,4.8,1,1.4,1.3,10.0
1022,18,5.4,7.2,0,2.2,1.2,10.0
1023,17,3.0,6.2,1,1.5,0.9,7.0
1024,13,8.1,5.1,1,0.0,0.0,10.0
1025,19,8.6,6.6,1,0.0,0.8,10.0
1026,19,5.0,6.8,1,1.8,1.4,8.9
1027,16,5.3,9.1,1,1.3,0.2,7.4
1028,18,4.3,9.2,1,1.8,1.7,8.1
1029,17,5.5,3.0,1,0.5,1.5,10.0
1030,15,4.2,5.6,0,1.6,0.6,9.1
1031,19,7.8,5.2,1,4.0,1.2,10.0
1032,17,6.4,7.4,0,1.2,2.4,10.0
1033,16,4.3,5.9,0,0.0,1.9,7.0
1034,15,2.2,7.4,1,0.8,0.0,7.9
1035,13,2.7,3.8,0,2.7,1.4,10.0
1036,17,1.7,7.7,1,1.7,0.2,5.1
1037,13,1.8,5.5,1,0.7,1.0,6.9
1038,19,5.5,7.0,0,0.0,1.4,8.3
1039,14,7.8,8.6,0,2.5,0.5,10.0
1040,19,4.8,3.7,1,1.4,0.9,7.3
1041,15,4.7,7.5,0,2.3,1.0,10.0
1042,19,9.5,6.9,1,2.7,0.2,10.0
1043,13,5.0,8.3,1,0.5,0.0,7.2
1044,16,3.6,7.5,1,2.2,0.5,7.8
1045,17,5.1,8.1,0,3.7,1.1,10.0
1046,18,3.9,6.8,1,0.5,1.5,6.2
1047,18,4.4,7.9,1,2.1,0.0,10.0
1048,16,4.4,10.0,1,2.1,0.3,9.4
1049,14,5.3,9.1,1,1.5,0.9,9.1
1050,15,4.8,5.4,1,0.1,0.8,8.7
1051,15,6.9,6.4,0,2.0,0.0,10.0
1052,19,9.1,8.5,1,2.0,1.2,10.0
1053,16,2.6,5.7,1,0.2,0.9,6.5
1054,13,8.1,6.1,1,0.1,0.9,10.0
1055,15,8.7,8.8,1,1.7,0.0,10.0
1056,16,6.3,7.3,0,1.6,0.2,10.0
1057,13,3.1,7.7,0,0.9,0.8,7.0
1058,16,8.9,6.3,1,0.0,1.0,10.0
1059,15,2.7,4.3,1,2.7,0.0,10.0
1060,16,4.6,5.8,1,0.0,1.0,8.5
1061,15,5.2,8.0,0,2.5,0.6,7.4
1062,16,3.7,10.0,1,1.0,1.8,4.7
1063,17,6.6,5.0,1,2.4,0.1,10.0
1064,14,6.8,5.9,0,2.7,1.1,10.0
1065,15,6.3,6.1,1,1.4,0.6,10.0
1066,16,7.9,7.2,0,1.6,1.2,10.0
1067,18,6.5,5.3,0,0.7,1.9,10.0
1068,15,7.8,8.3,1,1.8,0.7,10.0
1069,14,4.0,5.9,1,1.7,2.0,10.0
1070,15,0.8,6.7,0,0.0,1.9,5.9
1071,17,4.5,8.8,0,1.6,1.7,8.0
1072,16,2.7,5.2,0,2.3,1.1,9.9
1073,14,1.4,7.4,1,1.0,0.4,5.3
1074,15,3.7,6.1,0,0.3,1.1,8.4
1075,18,4.7,4.7,0,2.2,2.3,10.0
1076,17,4.4,5.9,0,0.3,0.8,9.1
1077,14,8.1,8.8,0,0.8,1.2,10.0
1078,19,4.3,7.0,0,1.8,0.0,10.0
1079,17,1.3,6.1,1,1.6,1.3,7.9
1080,13,2.8,5.1,1,1.2,1.4,8.0
1081,18,9.8,5.1,0,1.6,0.6,10.0
1082,17,7.5,5.0,1,0.2,0.4,10.0
1083,14,4.6,7.1,1,0.6,0.7,8.4
1084,15,5.1,5.4,0,1.5,1.4,9.5
1085,14,4.8,6.9,1,3.1,1.1,9.1
1086,14,3.5,5.1,0,2.2,0.5,7.7
1087,13,8.0,5.6,0,1.2,0.0,10.0
1088,17,7.1,7.9,0,2.5,1.9,10.0
1089,14,5.3,7.6,1,2.3,0.1,10.0
1090,16,0.0,8.1,1,2.5,1.0,5.8
1091,18,7.3,5.7,0,0.0,0.9,10.0
1092,17,1.2,7.2,0,0.0,1.1,7.2
1093,15,3.6,6.9,0,1.0,2.0,8.4
1094,13,2.9,6.0,1,0.7,0.3,6.5
1095,16,5.3,6.0,0,2.2,0.8,10.0
1096,15,1.5,4.3,1,2.6,0.0,9.0
1097,18,7.2,9.1,1,1.6,1.5,10.0
1098,17,3.2,4.7,1,1.7,1.2,9.1
1099,13,3.9,6.2,1,1.5,0.4,6.7
1100,19,7.0,5.1,1,0.0,1.4,10.0
1101,14,8.3,9.5,0,2.1,1.5,10.0
1102,17,6.3,8.2,0,1.2,1.3,9.1
1103,18,6.0,7.6,1,0.0,0.6,10.0
1104,15,3.9,5.0,0,2.5,2.3,10.0
1105,13,6.1,7.0,0,1.9,2.2,8.7
1106,15,4.5,7.2,0,1.9,2.4,6.4
1107,14,2.2,6.3,0,1.1,1.1,8.6
1108,17,4.6,5.8,0,1.5,1.2,10.0
1109,15,5.3,6.6,1,0.5,0.6,5.9
1110,13,5.7,6.7,1,1.3,1.3,7.3
1111,19,7.0,9.7,0,1.6,0.7,10.0
1112,16,2.5,5.5,1,3.0,0.2,10.0
1113,18,4.5,8.9,1,1.3,1.5,7.2
1114,16,4.8,5.1,1,1.8,0.9,10.0
1115,16,4.4,6.1,0,0.6,0.1,7.1
1116,19,6.2,6.5,1,4.0,0.0,10.0
1117,16,3.3,5.8,0,0.3,1.9,8.7
1118,14,5.0,7.4,1,0.0,0.6,4.5
1119,19,7.6,6.5,0,1.2,0.7,10.0
1120,16,7.7,7.5,0,1.4,0.7,8.9
1121,17,3.4,7.5,1,1.4,1.5,9.5
1122,15,5.6,7.0,0,1.8,0.0,10.0
1123,15,4.0,3.4,1,2.1,0.7,10.0
1124,14,4.0,7.6,0,2.3,0.0,10.0
1125,18,9.0,7.0,1,2.3,1.5,10.0
1126,14,3.4,6.7,1,1.1,1.0,7.7
1127,19,2.8,5.4,0,1.8,0.9,9.4
1128,13,8.2,5.1,0,1.8,1.0,10.0
1129,15,7.5,7.3,1,1.5,0.6,10.0
1130,17,9.0,5.1,0,0.1,1.2,10.0
1131,19,6.0,6.7,1,1.0,0.0,9.3
1132,16,8.3,5.5,1,1.4,0.8,10.0
1133,17,4.8,5.4,1,0.8,0.4,8.8
1134,15,1.9,8.6,0,1.9,0.1,6.2
1135,19,6.2,6.0,0,0.0,0.6,8.8
1136,16,4.4,6.4,0,0.4,0.9,10.0
1137,19,6.4,6.1,1,1.7,0.2,10.0
1138,14,2.0,4.7,0,1.1,1.5,9.2
1139,19,8.2,7.2,1,3.3,0.0,10.0
1140,16,5.2,6.6,1,1.0,0.7,10.0
1141,16,3.6,7.3,0,1.8,1.3,8.2
1142,14,6.2,8.1,0,3.6,1.6,10.0
1143,14,2.6,7.6,1,0.9,1.8,9.3
1144,19,2.9,3.0,0,0.9,1.0,9.7
1145,13,7.3,7.6,1,1.0,0.6,10.0
1146,17,3.7,8.1,0,1.7,0.6,9.9
1147,16,6.8,5.9,0,1.9,0.8,10.0
1148,14,5.0,5.7,0,3.1,1.4,7.7
1149,15,4.6,6.1,0,0.0,1.0,8.5
1150,15,1.9,7.7,0,0.8,0.2,5.4
1151,17,4.9,7.4,0,0.6,1.0,10.0
1152,19,6.8,3.4,1,3.6,0.3,10.0
1153,14,3.8,6.4,0,2.0,1.1,10.0
1154,15,1.5,8.0,1,2.7,2.0,7.7
1155,16,6.4,4.6,0,0.2,1.5,10.0
1156,13,3.9,5.8,0,0.8,1.8,8.3
1157,17,5.8,8.5,1,0.1,0.3,9.1
1158,19,8.3,6.7,1,2.3,1.8,10.0
1159,19,4.8,6.3,1,1.3,1.4,10.0
1160,16,4.8,5.3,1,2.5,0.6,10.0
1161,19,6.1,7.2,1,1.3,0.7,10.0
1162,18,2.9,7.9,0,0.0,1.1,6.2
1163,19,3.5,5.1,0,3.7,0.7,10.0
1164,17,7.5,8.2,1,2.2,1.5,10.0
1165,16,4.7,5.2,1,0.3,0.7,7.1
1166,19,2.9,8.7,1,1.4,0.2,3.8
1167,14,3.8,6.6,1,1.0,0.5,5.1
1168,13,5.6,9.2,0,1.2,1.5,6.4
1169,15,9.4,6.7,0,1.7,2.0,10.0
1170,14,4.2,3.9,0,2.6,1.7,10.0
1171,13,8.7,4.3,0,3.1,0.5,10.0
1172,17,2.7,6.4,0,0.6,0.8,5.0
1173,18,4.8,8.1,1,0.1,2.5,6.6
1174,15,3.9,7.6,1,1.4,0.8,8.9
1175,19,5.6,7.3,1,2.4,1.5,10.0
1176,13,5.9,4.8,0,2.6,3.0,10.0
1177,17,6.6,7.6,0,3.5,0.3,10.0
1178,15,4.4,4.3,1,0.2,1.7,9.3
1179,14,5.9,3.9,0,2.7,0.9,10.0
1180,15,6.3,8.2,0,1.5,0.7,8.6
1181,17,3.3,7.2,1,1.6,1.2,8.8
1182,16,8.8,4.3,1,2.4,1.2,10.0
1183,14,5.6,6.0,0,1.5,0.3,10.0
1184,14,7.0,8.0,1,1.6,1.9,9.5
1185,18,7.1,7.4,1,2.9,0.0,10.0
1186,14,2.3,7.5,1,2.1,0.0,5.6
1187,19,4.8,4.6,0,2.3,0.7,9.3
1188,19,5.9,10.0,0,0.6,0.7,10.0
1189,13,5.4,5.0,1,1.8,1.9,10.0
1190,18,5.1,6.4,1,0.5,1.3,10.0
1191,18,4.4,7.0,0,0.8,1.6,7.7
1192,14,8.7,6.5,0,1.8,1.0,10.0
1193,15,5.0,5.5,1,1.2,0.5,8.6
1194,14,3.2,4.8,1,2.6,0.9,8.5
1195,16,2.8,7.5,1,0.9,0.5,10.0
1196,17,5.5,6.4,0,0.0,0.7,10.0
1197,19,3.7,5.7,0,1.3,0.0,9.6
1198,13,7.0,6.3,0,1.5,1.2,10.0
1199,13,6.4,7.7,0,3.6,0.7,10.0
1200,17,4.4,4.6,1,0.0,0.7,8.9
1201,15,1.9,6.2,0,1.3,1.2,6.0
1202,15,6.4,8.9,0,2.0,0.4,10.0
1203,14,3.6,6.7,1,1.3,0.8,9.0
1204,19,6.9,6.4,1,0.0,0.0,10.0
1205,15,6.3,8.0,0,2.8,1.3,10.0
1206,19,6.0,6.2,0,0.0,1.3,7.7
1207,17,3.9,5.8,0,0.4,1.2,8.0
1208,13,4.9,8.8,0,2.3,1.9,6.8
1209,13,6.4,4.7,0,1.7,1.2,10.0
1210,14,10.3,7.3,1,2.3,0.0,10.0
1211,13,5.3,8.0,0,1.5,1.1,5.3
1212,15,3.0,7.6,0,2.4,1.3,4.7
1213,18,4.3,3.2,1,1.1,0.9,10.0
1214,17,3.6,8.5,0,2.5,1.3,6.4
1215,16,4.4,7.5,1,2.4,0.7,8.0
1216,17,4.8,6.7,0,0.4,0.4,6.5
1217,16,7.7,6.0,0,3.3,2.6,10.0
1218,18,7.2,8.1,0,3.1,1.3,10.0
1219,17,4.0,5.5,0,0.9,1.9,8.4
1220,18,3.1,7.2,1,1.1,1.1,8.4
1221,13,5.3,7.6,1,0.0,1.0,7.9
1222,16,1.6,7.6,0,2.3,2.0,6.7
1223,16,6.5,5.9,0,0.0,1.0,10.0
1224,14,8.3,9.4,0,2.3,1.5,10.0
1225,15,2.1,6.3,1,1.3,2.2,7.8
1226,15,5.8,6.1,1,1.2,1.6,10.0
1227,13,1.4,5.9,1,2.5,0.3,6.9
1228,13,1.9,5.9,1,0.7,1.1,5.4
1229,18,5.7,5.2,1,3.1,1.0,10.0
1230,15,5.2,5.7,1,2.5,0.3,10.0
1231,19,5.6,6.5,1,0.7,0.0,9.1
1232,14,3.0,4.7,1,0.7,0.7,10.0
1233,18,8.0,7.2,1,0.9,0.9,10.0
1234,13,4.4,5.1,1,0.9,0.4,8.4
1235,14,3.6,8.7,1,0.0,1.9,4.7
1236,13,3.0,7.1,1,1.4,0.0,6.1
1237,18,3.2,6.9,1,2.0,0.4,10.0
1238,19,6.8,5.9,0,0.6,0.5,10.0
1239,15,3.2,6.8,0,2.3,0.9,9.6
1240,13,8.8,9.5,0,0.7,1.7,10.0
1241,14,4.9,8.7,0,0.9,1.4,9.1
1242,18,6.9,4.2,1,0.0,1.1,10.0
1243,17,4.7,5.9,0,3.7,0.0,9.1
1244,17,9.8,5.0,0,2.1,1.6,10.0
1245,18,4.9,5.0,0,1.2,0.8,7.8
1246,13,1.3,3.2,0,2.0,0.0,7.6
1247,18,3.1,5.0,0,2.7,0.7,9.4
1248,17,8.3,6.1,1,2.3,2.1,10.0
1249,13,2.3,7.1,0,2.5,2.0,8.0
1250,13,5.6,8.9,0,1.0,1.1,9.8
1251,19,3.3,9.3,1,3.3,1.5,6.8
1252,14,0.9,7.4,0,2.3,0.0,6.8
1253,18,5.0,5.3,0,0.8,0.9,10.0
1254,18,4.7,4.9,0,2.9,0.3,10.0
1255,17,7.5,8.0,1,0.9,0.7,10.0
1256,13,4.6,6.8,1,1.5,1.3,10.0
1257,14,1.3,5.4,0,2.6,1.6,7.4
1258,13,0.8,6.0,1,0.0,1.5,7.4
1259,19,4.4,5.6,0,2.4,0.7,10.0
1260,14,8.2,5.4,0,2.2,1.3,10.0
1261,17,2.6,4.5,0,0.0,0.7,7.0
1262,17,3.7,5.6,1,2.3,0.6,10.0
1263,18,4.7,3.6,0,1.1,1.2,9.0
1264,18,7.2,6.2,1,0.5,0.7,10.0
1265,15,6.3,6.5,0,1.7,0.6,10.0
1266,13,2.0,8.1,0,2.1,1.6,8.2
1267,15,9.7,6.6,1,1.0,1.5,10.0
1268,14,3.9,5.7,0,2.0,1.4,7.7
1269,16,8.7,5.8,1,2.4,3.0,10.0
1270,15,3.9,6.8,1,1.5,0.0,7.4
1271,18,0.9,7.1,1,3.0,0.3,7.8
1272,14,3.8,5.8,1,2.1,0.2,9.6
1273,18,9.5,7.5,0,0.4,0.8,10.0
1274,15,3.5,6.5,0,2.1,0.6,8.1
1275,15,5.1,6.6,0,1.3,1.2,10.0
1276,14,0.0,4.0,0,1.4,0.5,3.7
1277,18,4.0,9.5,1,2.1,0.6,7.1
1278,19,7.0,4.8,0,0.4,0.0,10.0
1279,14,3.5,6.7,0,1.8,1.6,9.4
1280,19,4.3,6.8,1,1.1,1.4,8.8
1281,17,3.7,5.5,0,0.9,1.3,8.0
1282,19,7.4,4.3,0,3.3,1.9,10.0
1283,17,4.0,7.5,1,2.8,1.4,10.0
1284,16,3.8,6.4,0,1.5,1.9,9.1
1285,18,5.7,4.0,1,1.6,0.8,10.0
1286,13,3.9,7.8,0,1.5,0.6,9.8
1287,15,5.9,7.1,1,1.9,1.6,8.2
1288,13,3.2,7.0,1,1.6,0.7,6.4
1289,18,4.3,5.9,0,1.8,1.6,8.6
1290,14,5.4,5.1,1,1.7,1.4,10.0
1291,19,6.2,6.1,1,0.4,0.8,10.0
1292,14,2.4,7.9,1,0.1,1.3,3.1
1293,16,3.3,6.8,1,2.5,0.2,10.0
1294,14,8.1,9.3,1,1.4,1.4,10.0
1295,13,5.9,7.3,0,1.2,2.0,10.0
1296,17,4.1,7.3,0,0.7,0.5,8.8
1297,17,5.8,4.0,1,0.6,0.7,10.0
1298,16,3.8,5.7,0,2.5,1.2,10.0
1299,18,6.0,9.5,1,1.4,0.4,9.6
1300,16,3.9,6.5,0,1.7,0.4,7.5
1301,16,7.0,7.0,1,2.0,0.9,10.0
1302,18,8.1,5.0,0,1.6,0.8,10.0
1303,15,3.2,8.7,1,2.1,0.5,8.9
1304,15,7.3,6.9,0,1.6,0.1,10.0
1305,15,6.2,6.8,0,1.6,2.3,9.8
1306,18,5.2,9.2,0,0.8,1.7,8.0
1307,18,4.3,9.0,1,0.3,1.1,7.2
1308,17,8.3,6.8,0,1.7,1.1,10.0
1309,18,4.5,3.0,0,1.5,0.4,10.0
1310,16,5.4,9.8,1,0.6,1.0,8.3
1311,13,3.6,6.8,1,4.0,1.4,10.0
1312,13,3.0,10.0,1,0.5,1.1,7.3
1313,17,5.8,6.0,1,2.5,0.5,10.0
1314,18,4.1,6.7,0,4.0,1.2,10.0
1315,19,2.2,7.4,0,1.7,0.9,5.6
1316,14,5.3,6.1,1,3.1,1.7,10.0
1317,13,1.1,7.7,1,2.5,1.1,6.2
1318,13,5.6,6.8,0,1.7,1.1,9.9
1319,15,2.6,4.7,0,2.2,1.0,10.0
1320,16,5.1,3.3,1,2.6,1.9,10.0
1321,16,6.3,5.7,1,0.0,1.9,9.2
1322,18,6.5,5.5,1,0.3,0.6,10.0
1323,13,6.0,6.4,1,0.8,2.3,7.8
1324,16,7.9,5.2,0,2.1,1.5,10.0
1325,15,7.7,5.8,0,3.7,1.2,10.0
1326,17,6.2,7.3,1,2.3,0.2,9.9
1327,19,2.3,8.5,1,1.6,0.0,5.8
1328,13,5.2,8.5,1,3.1,1.4,10.0
1329,13,8.7,6.6,0,2.6,1.2,10.0
1330,16,3.9,5.9,1,2.3,2.6,7.3
1331,15,4.0,9.5,1,2.9,1.0,7.3
1332,17,4.5,5.1,0,0.9,1.2,9.8
1333,14,6.6,6.2,0,0.1,0.0,10.0
1334,14,7.5,5.3,0,0.0,0.2,10.0
1335,18,3.9,8.2,1,0.0,1.0,6.4
1336,15,5.1,5.8,1,2.5,0.6,10.0
1337,13,0.6,9.9,1,1.5,0.7,4.0
1338,19,4.0,3.8,1,2.6,1.1,10.0
1339,19,4.2,6.4,0,0.0,1.0,5.8
1340,16,7.1,4.6,0,1.5,1.4,10.0
1341,19,8.1,5.2,1,0.9,0.1,10.0
1342,19,5.2,7.5,1,1.3,1.7,9.6
1343,17,2.3,4.3,1,2.1,2.6,7.8
1344,17,7.0,5.7,1,2.4,1.3,10.0
1345,15,5.8,4.8,1,1.8,1.5,10.0
1346,13,6.0,4.3,0,1.0,0.5,10.0
1347,14,3.0,6.1,1,3.2,1.9,8.5
1348,16,6.5,6.3,0,0.8,0.5,10.0
1349,13,5.2,5.8,1,2.2,0.2,10.0
1350,16,3.2,6.5,1,0.8,1.4,7.9
1351,17,6.6,5.4,1,2.0,1.8,10.0
1352,19,5.4,7.6,1,3.6,0.7,8.5
1353,14,4.2,8.1,1,3.0,0.8,10.0
1354,18,7.2,6.7,1,0.2,1.9,10.0
1355,15,4.4,4.7,0,1.9,1.2,10.0
1356,19,7.9,5.7,1,1.7,1.1,10.0
1357,15,4.7,4.7,0,0.0,0.5,9.6
1358,14,4.1,8.3,1,1.5,0.4,6.0
1359,16,6.6,4.9,1,2.5,0.9,10.0
1360,16,5.9,9.1,1,0.0,1.4,10.0
1361,18,7.8,8.6,1,1.4,0.7,10.0
1362,18,2.5,7.0,1,1.6,1.0,7.9
1363,16,6.4,8.3,1,1.4,2.1,10.0
1364,16,4.2,7.5,0,1.4,1.2,7.1
1365,14,4.0,6.5,1,0.0,0.8,8.0
1366,19,6.4,5.0,0,1.0,1.9,10.0
1367,16,6.3,6.7,1,2.4,1.1,10.0
1368,18,5.1,7.2,1,1.3,1.7,9.6
1369,19,5.8,5.4,0,0.5,1.2,8.5
1370,15,7.5,10.0,1,1.3,2.8,9.2
1371,16,5.1,6.9,1,1.5,0.7,10.0
1372,15,4.3,6.7,1,0.4,1.2,8.9
1373,13,3.3,7.4,1,0.8,0.0,8.0
1374,19,2.9,7.0,1,2.1,0.5,6.9
1375,19,5.4,5.4,1,2.1,1.8,10.0
1376,17,1.4,4.9,1,0.1,1.6,6.5
1377,13,8.5,5.0,0,2.0,0.0,10.0
1378,19,3.0,4.8,0,0.4,0.4,5.0
1379,14,4.8,6.5,0,3.0,1.5,10.0
1380,19,3.3,6.8,0,0.8,0.4,4.1
1381,15,4.8,4.9,0,2.9,0.8,10.0
1382,16,2.1,7.8,0,2.4,1.6,5.1
1383,16,6.0,7.1,0,2.2,0.0,10.0
1384,18,6.9,6.9,0,0.5,0.3,10.0
1385,17,7.1,5.3,1,0.9,1.6,10.0
1386,14,3.4,5.8,0,1.7,1.9,10.0
1387,15,10.1,6.2,1,2.1,1.2,10.0
1388,19,2.6,6.0,1,1.9,1.9,7.8
1389,16,5.3,8.7,1,2.5,1.0,10.0
1390,13,2.0,6.1,0,0.0,1.3,6.7
1391,18,5.8,6.3,0,2.1,0.1,10.0
1392,17,3.3,9.1,0,1.6,1.8,4.6
1393,17,5.9,6.6,1,0.0,0.2,7.8
1394,19,5.6,3.9,1,2.1,0.0,10.0
1395,14,5.0,8.7,1,2.0,1.5,9.4
1396,17,4.4,5.3,1,2.1,1.5,10.0
1397,19,1.8,4.7,1,0.0,0.0,4.9
1398,15,9.4,4.1,0,2.7,1.3,10.0
1399,14,7.2,6.0,1,1.5,0.0,10.0
1400,14,0.4,9.0,0,2.0,0.7,4.4
1401,17,2.3,5.6,0,1.8,0.4,8.7
1402,17,6.0,5.4,1,0.6,1.2,10.0
1403,13,5.7,6.2,0,2.3,1.0,10.0
1404,17,1.4,6.9,0,0.0,1.4,3.3
1405,13,5.5,7.0,1,1.4,1.8,10.0
1406,19,4.8,7.1,1,0.0,0.0,6.5
1407,15,6.2,7.8,1,0.0,0.4,9.9
1408,17,4.7,5.9,1,2.5,0.9,8.8
1409,19,5.9,6.5,0,1.4,0.4,9.5
1410,16,7.3,6.0,1,2.1,1.0,10.0
1411,19,0.0,8.8,1,1.4,1.0,4.6
1412,19,6.1,6.5,0,2.4,0.6,10.0
1413,19,5.0,4.3,0,4.0,2.0,10.0
1414,17,3.5,5.7,0,1.7,0.7,8.5
1415,16,4.4,4.1,0,1.0,1.2,9.6
1416,13,5.1,6.2,1,2.3,0.9,10.0
1417,16,6.7,5.8,1,1.6,0.8,10.0
1418,17,8.9,7.2,1,1.3,0.8,10.0
1419,14,3.9,8.8,1,1.5,1.7,9.8
1420,19,6.3,7.9,1,2.6,0.0,10.0
1421,15,5.2,3.0,0,2.8,1.1,10.0
1422,17,1.6,5.8,1,0.1,0.0,5.6
1423,15,3.6,4.4,0,0.3,0.3,6.4
1424,19,3.9,6.4,0,1.9,1.7,10.0
1425,14,3.7,5.1,1,1.7,1.6,7.7
1426,15,6.4,5.7,1,2.8,2.0,10.0
1427,15,2.7,4.7,0,1.2,1.0,7.4
1428,18,8.7,7.6,0,0.1,0.0,10.0
1429,19,6.4,5.1,1,1.0,0.0,10.0
1430,16,6.7,9.9,1,1.0,0.0,9.9
1431,14,8.0,5.0,1,2.2,0.6,10.0
1432,16,6.1,4.9,1,1.6,0.0,9.3
1433,17,5.4,3.0,1,3.1,0.0,10.0
1434,17,5.3,5.7,1,1.0,2.1,7.5
1435,19,7.2,6.1,1,3.1,0.4,10.0
1436,16,4.1,6.8,0,1.2,0.8,5.9
1437,18,4.7,6.5,0,2.6,1.7,10.0
1438,15,3.0,7.7,0,1.8,0.0,8.3
1439,17,4.9,9.1,1,3.0,0.8,9.4
1440,18,5.6,7.8,0,1.4,0.3,9.7
1441,17,4.6,8.4,0,1.1,1.3,6.5
1442,15,5.4,7.5,1,1.0,1.2,8.1
1443,15,7.0,5.7,0,0.1,2.2,10.0
1444,16,7.3,4.9,0,2.1,0.6,10.0
1445,14,7.4,6.2,0,0.3,0.8,10.0
1446,18,4.5,8.6,1,1.9,0.8,10.0
1447,14,2.6,6.5,1,1.7,1.8,7.4
1448,13,5.9,4.4,0,1.1,0.9,10.0
1449,19,3.3,5.5,1,0.2,1.5,10.0
1450,13,6.3,4.9,0,2.0,0.6,10.0
1451,13,5.0,8.6,1,1.4,0.4,8.0
1452,15,0.3,6.5,0,2.5,1.3,6.0
1453,19,7.4,4.9,1,3.1,0.4,10.0
1454,13,4.1,9.2,0,1.0,1.9,6.9
1455,19,5.8,8.5,1,2.4,1.1,10.0
1456,13,6.7,5.6,0,1.3,0.8,10.0
1457,15,8.1,7.8,0,2.4,1.4,10.0
1458,14,1.6,4.4,1,1.8,1.8,7.1
1459,17,4.5,10.0,0,1.4,0.8,7.5
1460,15,6.3,8.1,0,1.7,0.2,10.0
1461,16,8.2,6.5,0,0.2,0.3,10.0
1462,14,3.9,3.3,0,2.0,0.9,10.0
1463,19,5.4,5.7,1,2.3,0.7,10.0
1464,14,7.2,6.5,1,1.6,0.7,10.0
1465,13,2.2,6.6,1,0.3,1.6,6.6
1466,17,4.9,6.4,1,2.0,1.3,10.0
1467,16,3.5,4.6,1,1.3,0.0,9.3
1468,14,7.1,3.0,1,1.6,0.6,10.0
1469,13,6.0,5.3,1,1.1,1.8,10.0
1470,15,4.3,4.5,1,1.7,1.8,9.2
1471,14,4.9,3.4,1,0.0,0.7,9.9
1472,17,5.3,7.8,1,1.6,1.1,10.0
1473,16,6.4,6.5,0,1.7,1.9,10.0
1474,18,6.5,8.7,1,0.2,1.9,5.4
1475,19,7.9,6.4,1,1.2,1.5,9.1
1476,18,3.7,5.7,1,1.7,1.2,9.6
1477,13,4.9,6.6,0,0.0,0.5,6.1
1478,13,3.0,6.8,0,1.5,1.1,10.0
1479,17,0.0,8.5,1,1.8,0.7,5.9
1480,16,2.7,5.6,1,1.9,0.8,8.7
1481,15,7.0,7.5,1,1.4,0.5,10.0
1482,14,5.5,8.4,0,2.6,1.4,10.0
1483,14,7.3,3.7,0,3.1,0.0,10.0
1484,13,5.3,7.0,0,2.8,0.1,10.0
1485,13,5.7,4.5,1,0.7,0.9,10.0
1486,17,3.2,6.4,1,3.2,0.0,6.6
1487,19,3.9,8.0,0,0.1,1.5,5.5
1488,19,6.9,7.2,1,1.4,0.9,10.0
1489,17,4.5,8.2,1,2.0,1.2,10.0
1490,16,3.9,7.1,1,2.5,0.9,7.8
1491,15,7.0,4.2,1,2.0,1.4,10.0
1492,15,2.7,8.7,0,2.7,0.0,10.0
1493,15,4.1,6.7,1,1.7,0.3,8.7
1494,13,5.7,8.8,1,0.6,0.9,3.7
1495,14,3.6,8.0,1,2.0,2.2,8.8
1496,16,2.5,8.1,1,4.0,0.0,8.8
1497,17,3.2,8.6,1,1.1,1.3,8.4
1498,15,5.2,8.2,1,1.0,1.2,9.7
1499,19,2.6,7.5,1,1.1,0.5,3.9
1500,15,5.4,7.0,0,0.5,2.4,10.0
1501,18,1.9,7.3,1,1.9,1.5,8.0
1502,15,2.4,6.1,1,0.3,1.4,7.2
1503,19,5.4,6.0,1,1.8,1.1,10.0
1504,17,6.6,5.9,1,0.9,1.4,10.0
1505,19,5.6,9.0,1,2.9,2.2,10.0
1506,13,6.3,6.3,1,0.8,0.7,9.4
1507,18,7.2,6.4,0,1.5,0.5,10.0
1508,16,3.2,3.1,1,2.6,0.5,10.0
1509,15,0.0,6.9,0,2.8,0.7,7.8
1510,14,6.0,8.5,0,2.0,1.5,10.0
1511,17,5.5,5.8,1,1.7,1.0,9.5
1512,13,8.9,7.0,1,0.8,1.2,10.0
1513,13,5.0,6.0,1,0.8,2.1,7.2
1514,19,4.1,6.9,1,3.2,1.4,8.7
1515,15,0.9,5.8,1,1.9,0.0,7.7
1516,18,3.7,7.4,0,0.7,0.3,7.9
1517,17,5.1,5.0,0,2.4,0.4,10.0
1518,18,4.6,3.0,1,2.2,1.0,10.0
1519,16,3.0,6.3,1,0.7,1.1,6.9
1520,15,5.1,7.1,0,3.3,0.5,10.0
1521,19,5.5,3.1,1,0.5,1.1,10.0
1522,19,3.5,5.5,1,0.5,0.4,7.5
1523,16,6.1,7.5,0,1.6,1.7,10.0
1524,18,7.1,6.4,0,1.8,0.8,10.0
1525,15,7.7,6.5,0,0.3,1.3,9.7
1526,18,4.7,8.3,1,0.7,0.8,8.3
1527,14,3.7,6.2,1,0.5,1.3,7.2
1528,19,2.5,5.6,0,2.2,2.6,9.4
1529,17,1.6,6.4,1,1.7,1.5,8.5
1530,16,6.2,10.0,1,1.6,0.6,9.9
1531,13,2.6,6.7,0,0.0,0.4,5.5
1532,17,4.9,5.4,1,0.9,1.4,10.0
1533,18,5.6,6.3,1,0.5,0.4,8.1
1534,18,6.2,7.3,0,3.0,1.7,10.0
1535,16,0.9,5.5,1,1.8,0.4,6.1
1536,17,0.0,7.1,0,1.7,0.8,5.0
1537,14,2.4,5.2,0,3.7,0.5,10.0
1538,13,3.1,7.7,1,0.9,1.3,8.7
1539,17,3.3,4.7,1,2.0,0.4,8.5
1540,15,6.0,6.5,0,1.7,1.6,10.0
1541,18,5.2,8.6,1,1.4,1.7,7.5
1542,18,5.8,6.4,1,1.5,1.2,10.0
1543,18,3.8,4.2,0,1.5,0.3,8.2
1544,13,7.4,4.3,0,0.1,0.1,10.0
1545,19,5.6,7.0,1,0.9,0.8,6.4
1546,17,3.8,4.7,1,1.0,0.4,8.3
1547,13,2.4,3.9,1,2.6,1.8,8.7
1548,19,9.1,6.4,0,1.8,1.7,10.0
1549,13,10.3,7.1,1,2.9,1.1,10.0
1550,13,7.5,4.5,1,0.0,0.6,10.0
1551,18,5.0,7.6,0,4.0,0.4,10.0
1552,18,5.3,5.4,0,1.9,1.1,9.3
1553,13,3.5,7.9,0,1.5,0.6,8.0
1554,18,3.9,6.1,0,2.5,0.7,10.0
1555,15,9.3,6.1,0,2.5,1.7,10.0
1556,15,2.1,8.9,0,0.6,0.0,2.6
1557,13,0.3,4.5,1,2.4,1.3,7.5
1558,14,2.5,7.0,1,3.2,0.8,9.7
1559,14,4.2,5.0,1,1.7,1.4,9.9
1560,18,4.3,5.1,0,1.4,0.0,10.0
1561,19,7.7,4.3,1,2.1,1.4,10.0
1562,17,1.7,5.8,1,0.6,1.1,6.7
1563,19,5.5,6.2,0,1.6,0.0,8.4
1564,13,5.5,9.0,1,2.1,1.5,10.0
1565,15,6.6,8.5,1,4.0,1.1,10.0
1566,16,5.3,3.0,1,2.1,1.1,10.0
1567,19,2.5,4.4,0,1.9,1.9,8.5
1568,14,5.4,7.1,1,1.9,0.9,10.0
1569,19,4.4,3.6,0,3.0,0.7,10.0
1570,19,2.8,3.0,1,2.1,0.3,8.3
1571,14,3.6,6.2,1,0.0,0.4,5.8
1572,17,7.0,5.9,0,2.0,0.6,10.0
1573,19,4.4,6.4,1,2.4,1.8,10.0
1574,19,3.3,5.1,1,2.2,0.5,10.0
1575,18,1.7,6.9,1,3.2,1.7,7.8
1576,16,4.4,6.9,0,1.5,0.5,10.0
1577,13,6.6,7.3,1,1.3,0.0,10.0
1578,19,4.9,9.0,1,2.7,1.1,10.0
1579,19,7.2,7.4,0,1.2,1.3,6.7
1580,13,0.9,7.9,0,0.0,1.8,3.5
1581,14,7.1,5.8,0,3.2,0.0,10.0
1582,18,6.4,4.2,0,3.2,1.0,10.0
1583,13,4.2,5.2,0,0.5,2.1,7.8
1584,18,1.4,7.4,1,0.5,0.4,5.4
1585,14,5.4,4.1,0,3.2,1.0,10.0
1586,14,4.8,6.3,0,2.2,1.4,10.0
1587,15,6.9,8.9,0,0.6,2.0,10.0
1588,17,8.3,6.5,0,3.3,1.0,10.0
1589,14,8.8,5.1,1,2.1,1.5,10.0
1590,19,6.3,5.6,0,1.0,0.8,9.8
1591,17,5.1,6.4,1,2.8,0.0,10.0
1592,19,5.3,5.9,0,2.0,0.2,9.4
1593,16,5.4,4.9,0,1.2,0.5,10.0
1594,15,8.5,5.7,0,0.4,1.5,10.0
1595,16,5.4,7.1,0,0.9,1.2,8.8
1596,13,3.3,7.4,1,2.4,0.1,7.1
1597,13,3.0,6.2,0,1.2,1.8,8.8
1598,19,6.9,7.3,1,0.7,0.7,9.5
1599,13,4.7,6.0,1,0.2,1.6,9.5
1600,19,4.9,6.1,0,0.0,1.2,6.3
1601,15,1.8,6.6,1,1.4,0.3,10.0
1602,18,8.2,5.4,0,1.6,0.0,10.0
1603,13,5.5,7.0,1,1.2,0.8,10.0
1604,19,5.7,8.9,0,3.1,0.4,10.0
1605,15,5.4,8.0,1,1.7,1.1,10.0
1606,14,6.6,8.0,1,2.9,0.5,9.9
1607,16,7.0,7.4,0,0.8,1.5,8.7
1608,14,3.7,8.3,0,0.2,2.6,6.2
1609,13,4.3,6.7,1,0.0,1.1,7.0
1610,13,6.9,7.6,1,2.6,0.8,10.0
1611,13,5.1,4.8,1,2.4,1.3,10.0
1612,13,5.0,7.0,0,1.3,1.4,7.4
1613,16,7.2,4.9,1,3.9,0.0,10.0
1614,16,5.8,4.7,1,1.5,2.0,10.0
1615,17,2.7,6.2,1,1.2,1.7,9.3
1616,16,3.8,6.9,0,0.6,1.3,8.7
1617,16,5.3,6.2,1,2.1,0.9,9.7
1618,13,4.4,5.8,0,2.9,1.6,7.7
1619,17,4.2,7.7,0,1.1,1.8,7.1
1620,18,4.0,7.0,1,0.1,1.6,7.4
1621,17,4.6,4.0,1,0.9,0.4,9.2
1622,15,3.2,6.5,1,1.2,0.7,10.0
1623,15,7.6,7.3,1,0.9,0.2,10.0
1624,19,6.2,4.5,1,0.6,0.0,10.0
1625,17,5.7,5.5,0,2.3,0.7,10.0
1626,18,4.4,7.8,1,1.1,0.0,7.7
1627,13,5.1,7.0,1,1.0,0.5,7.8
1628,15,2.3,9.6,0,1.0,1.6,5.7
1629,16,4.3,7.0,1,0.7,1.4,10.0
1630,17,4.4,5.4,0,1.4,0.8,5.9
1631,19,4.5,8.2,0,1.5,0.4,8.9
1632,16,6.9,6.7,1,3.0,1.4,10.0
1633,18,2.8,8.0,0,1.2,0.5,9.2
1634,16,6.8,8.3,0,0.7,2.1,10.0
1635,15,4.9,5.3,0,3.5,1.2,10.0
1636,15,4.6,3.0,0,0.7,1.8,10.0
1637,14,5.2,7.7,0,1.5,1.4,10.0
1638,18,2.1,6.7,1,0.6,1.7,7.5
1639,17,5.0,5.5,1,0.0,1.0,8.8
1640,13,4.9,5.5,0,1.8,1.4,10.0
1641,14,6.6,9.3,1,2.9,1.0,10.0
1642,15,1.5,8.3,1,2.2,0.3,5.6
1643,13,6.3,3.9,0,0.2,1.0,10.0
1644,17,5.7,4.9,0,2.8,1.0,10.0
1645,14,4.6,5.3,1,1.9,0.7,10.0
1646,16,5.7,4.7,1,0.8,0.1,10.0
1647,13,3.3,6.3,0,2.5,0.7,8.4
1648,15,4.3,6.4,1,0.9,1.8,8.6
1649,16,8.0,4.8,0,2.3,1.0,10.0
1650,13,5.1,5.4,0,1.5,1.8,10.0
1651,13,6.0,6.6,0,1.9,1.3,10.0
1652,16,6.8,5.6,1,2.1,1.8,10.0
1653,13,6.3,3.0,0,0.9,0.3,9.4
1654,16,0.4,5.3,1,2.1,1.1,3.1
1655,13,7.0,5.6,1,1.9,1.9,10.0
1656,18,4.6,6.6,0,2.5,0.8,10.0
1657,14,2.7,7.7,0,2.3,1.1,10.0
1658,16,2.7,8.5,1,1.8,1.8,5.5
1659,18,6.8,5.7,0,0.5,0.1,10.0
1660,16,3.8,4.9,1,0.0,0.8,9.1
1661,13,4.4,7.6,1,0.6,0.3,10.0
1662,13,4.2,7.0,1,0.5,1.1,9.6
1663,14,5.7,5.8,0,2.3,1.0,10.0
1664,19,3.1,5.7,1,1.0,1.3,6.4
1665,15,10.9,5.2,0,0.9,1.9,10.0
1666,13,8.0,5.7,1,3.2,0.8,10.0
1667,16,3.5,9.4,0,2.7,2.1,10.0
1668,13,4.1,7.4,0,3.2,1.0,8.1
1669,16,4.5,9.3,0,4.0,0.2,9.7
1670,18,2.6,7.2,0,0.0,1.0,6.0
1671,13,3.4,7.2,0,0.0,0.7,6.2
1672,16,6.9,8.1,0,0.4,0.9,7.6
1673,16,1.2,7.2,1,1.8,0.0,4.8
1674,14,4.6,8.5,1,0.4,0.3,7.9
1675,14,4.1,4.0,0,0.7,0.5,9.6
1676,17,3.1,5.3,1,2.8,1.3,10.0
1677,18,5.2,7.8,1,0.5,0.3,10.0
1678,18,3.5,6.8,0,0.0,1.7,4.8
1679,17,1.2,7.6,1,0.2,0.9,4.9
1680,19,5.4,3.4,1,2.0,0.1,10.0
1681,13,4.8,5.8,0,1.4,1.3,7.6
1682,15,3.5,8.0,0,1.8,0.0,8.8
1683,13,4.4,3.9,0,2.0,2.1,10.0
1684,15,5.2,7.5,1,0.1,0.0,8.2
1685,14,5.8,5.9,0,2.9,0.3,10.0
1686,18,6.2,6.4,1,1.4,0.4,10.0
1687,15,3.6,6.6,0,1.3,1.1,4.4
1688,15,4.9,5.7,1,3.4,0.7,10.0
1689,13,6.0,7.7,0,2.6,0.3,10.0
1690,15,7.3,5.0,0,3.0,1.4,10.0
1691,15,2.7,8.6,0,1.6,0.7,4.1
1692,15,8.3,7.1,1,1.1,3.0,10.0
1693,16,7.5,9.0,1,0.0,0.1,6.8
1694,18,5.1,8.5,1,1.0,0.2,10.0
1695,17,3.4,4.8,1,3.1,1.4,10.0
1696,15,4.7,6.3,1,1.2,1.5,7.0
1697,16,5.3,8.9,1,0.2,1.7,6.8
1698,13,8.3,6.1,1,0.0,0.7,10.0
1699,16,6.3,6.3,1,1.1,0.4,9.4
1700,17,7.0,7.3,1,2.3,1.5,10.0
1701,13,5.3,5.4,1,3.8,0.6,10.0
1702,14,3.7,9.9,0,1.8,0.9,9.4
1703,18,3.5,8.8,0,2.3,0.0,5.9
1704,18,3.3,7.6,1,3.3,0.9,7.8
1705,17,5.7,3.9,0,2.8,0.0,10.0
1706,17,4.5,5.4,0,1.1,0.2,8.1
1707,17,8.2,6.9,0,0.5,1.2,10.0
1708,15,3.6,6.1,0,1.1,1.4,8.9
1709,19,7.3,4.7,0,2.9,1.6,10.0
1710,15,4.1,5.4,1,0.3,0.3,8.1
1711,15,3.4,6.9,0,2.0,0.5,9.3
1712,14,3.6,9.1,0,0.1,0.0,5.9
1713,18,3.9,6.1,1,2.2,1.5,8.4
1714,19,9.0,6.8,0,0.7,2.0,10.0
1715,18,4.8,6.2,1,0.6,1.7,10.0
1716,13,5.1,5.2,0,2.2,1.5,10.0
1717,19,5.5,5.5,0,1.4,1.7,10.0
1718,17,6.3,6.7,1,2.7,0.7,10.0
1719,17,3.1,5.8,0,3.0,1.4,10.0
1720,15,8.7,4.8,1,2.1,0.6,10.0
1721,13,6.1,5.4,1,2.3,0.5,10.0
1722,17,1.9,5.8,0,2.1,2.1,8.9
1723,19,2.7,8.1,1,1.4,1.8,7.5
1724,16,1.5,5.7,0,1.4,0.6,6.8
1725,18,1.6,7.2,0,1.5,1.0,7.2
1726,16,8.1,3.8,1,1.9,2.5,10.0
1727,18,4.7,5.9,0,2.7,1.7,10.0
1728,19,6.3,8.0,0,1.7,0.0,10.0
1729,16,3.3,6.7,0,0.7,0.9,4.8
1730,14,4.4,6.3,0,1.5,1.2,7.8
1731,14,10.6,5.1,1,0.0,0.4,10.0
1732,18,0.1,3.0,0,1.4,0.8,7.1
1733,16,6.9,4.3,0,1.9,1.1,10.0
1734,19,5.5,6.2,0,1.2,0.2,9.7
1735,16,8.0,7.5,1,0.2,1.2,10.0
1736,14,8.9,6.8,1,3.3,0.9,10.0
1737,15,4.0,6.8,1,1.5,1.9,7.2
1738,16,8.2,5.6,1,2.2,1.6,10.0
1739,16,6.1,5.4,1,3.1,1.4,10.0
1740,15,4.6,5.8,1,2.1,1.3,10.0
1741,14,3.8,6.4,0,0.0,0.4,8.2
1742,13,6.0,6.4,0,1.1,0.0,9.1
1743,16,7.0,8.1,1,1.7,2.9,10.0
1744,15,3.3,6.5,0,2.7,0.3,7.4
1745,14,4.5,6.8,1,1.9,0.2,10.0
1746,16,6.1,7.1,0,1.2,1.0,9.0
1747,14,3.1,5.3,0,0.1,0.5,5.1
1748,19,6.4,7.6,1,0.3,0.3,8.6
1749,19,7.1,5.9,1,0.8,1.6,10.0
1750,16,6.8,6.8,0,0.5,0.4,10.0
1751,17,5.3,6.9,1,1.6,0.8,6.8
1752,13,5.7,8.2,1,1.6,0.9,8.0
1753,13,4.8,9.1,1,3.1,1.3,10.0
1754,16,5.4,7.2,0,0.4,0.9,10.0
1755,15,3.9,4.9,1,0.9,0.6,10.0
1756,14,7.2,6.1,0,1.9,1.2,8.8
1757,15,4.9,6.3,1,0.0,1.2,10.0
1758,15,8.0,4.7,1,1.6,0.0,10.0
1759,13,7.8,5.8,1,1.7,0.8,10.0
1760,13,6.0,7.7,1,2.1,2.2,10.0
1761,13,6.0,7.7,0,0.0,0.1,9.2
1762,13,3.1,5.6,1,0.7,0.9,9.3
1763,19,7.6,6.4,0,2.2,0.5,10.0
1764,13,5.5,6.3,0,1.2,1.3,10.0
1765,17,7.0,6.7,0,2.2,0.8,10.0
1766,14,5.0,7.0,1,0.4,0.5,8.8
1767,16,3.6,7.2,1,1.5,1.0,6.0
1768,13,4.8,6.2,1,0.0,0.0,7.2
1769,15,5.1,8.2,1,1.9,1.2,10.0
1770,16,4.1,5.4,0,0.0,1.6,6.7
1771,18,8.2,5.3,1,1.6,0.6,10.0
1772,17,3.8,8.2,0,1.5,1.2,10.0
1773,19,2.2,7.6,1,2.3,0.7,4.5
1774,13,6.6,7.3,0,0.2,1.2,7.3
1775,18,4.9,7.7,1,0.9,1.8,8.0
1776,19,7.6,3.8,1,1.4,1.7,10.0
1777,15,5.7,6.8,0,0.5,0.0,10.0
1778,19,1.9,5.8,1,2.4,1.6,8.7
1779,16,6.1,7.9,0,2.7,1.6,9.3
1780,18,2.5,7.9,1,1.7,1.4,7.3
1781,17,6.4,6.2,1,3.1,1.0,10.0
1782,17,6.4,7.2,0,0.0,1.3,8.9
1783,15,4.7,4.6,0,1.3,1.2,9.5
1784,13,4.5,9.8,0,1.6,1.6,7.8
1785,16,5.4,3.9,1,1.7,1.0,10.0
1786,17,5.3,7.3,1,1.4,0.0,8.1
1787,16,2.2,6.3,0,4.0,1.7,10.0
1788,13,5.6,5.4,1,1.2,0.5,9.6
1789,18,8.8,7.5,1,1.0,0.8,10.0
1790,14,2.9,4.8,0,2.5,0.7,10.0
1791,16,3.4,9.5,0,2.7,1.0,6.2
1792,15,4.9,6.7,0,1.2,0.1,9.9
1793,19,5.8,5.9,0,2.3,0.4,10.0
1794,15,3.8,6.1,0,2.2,1.5,8.1
1795,18,5.6,6.1,0,0.5,1.6,10.0
1796,16,6.5,7.1,1,1.5,0.4,10.0
1797,13,5.2,7.0,1,3.2,0.0,8.5
1798,19,4.4,6.4,0,2.6,1.5,9.0
1799,19,3.8,5.2,1,2.5,0.3,8.0
1800,17,5.7,7.4,0,1.3,0.7,10.0
1801,13,5.6,6.6,1,1.7,1.3,10.0
1802,14,5.8,3.6,1,0.3,0.0,10.0
1803,14,4.9,9.6,1,0.8,1.6,7.3
1804,18,5.8,5.5,0,0.1,1.7,10.0
1805,16,5.3,5.8,0,2.7,1.1,10.0
1806,13,8.7,7.7,0,0.9,1.8,10.0
1807,13,2.2,4.1,0,1.0,0.0,7.0
1808,17,6.0,4.2,0,1.7,0.4,9.7
1809,13,3.9,3.0,0,1.4,0.8,10.0
1810,15,7.2,7.8,1,1.4,1.4,10.0
1811,15,4.5,6.4,1,0.8,0.5,6.1
1812,19,3.7,7.0,0,3.4,0.8,10.0
1813,14,2.4,7.2,1,2.6,0.5,9.0
1814,15,6.7,5.6,0,2.6,2.2,10.0
1815,13,4.9,9.3,0,2.6,1.0,9.4
1816,16,5.1,8.9,0,1.2,1.6,6.5
1817,18,8.0,6.1,1,1.6,0.0,10.0
1818,14,4.6,6.2,1,0.7,1.2,8.2
1819,14,5.0,7.1,0,2.1,1.0,10.0
1820,14,4.2,7.7,0,0.9,0.0,9.2
1821,17,5.6,4.5,0,2.1,1.2,10.0
1822,14,5.8,9.3,0,2.3,1.1,6.9
1823,15,4.4,3.2,0,1.0,0.8,8.0
1824,16,6.7,7.9,0,1.4,0.6,10.0
1825,16,5.8,7.6,1,0.6,2.7,7.9
1826,18,6.6,3.6,1,1.4,1.7,10.0
1827,17,7.6,3.9,1,0.0,1.3,9.4
1828,14,6.4,5.5,1,0.3,0.0,10.0
1829,16,1.7,5.2,0,1.0,1.1,6.6
1830,16,5.6,7.0,0,0.0,1.5,10.0
1831,13,2.9,8.3,1,2.9,1.0,9.0
1832,17,4.2,6.9,1,2.3,1.1,9.3
1833,14,4.9,6.8,0,1.9,0.6,10.0
1834,17,3.8,9.7,1,2.6,2.2,6.8
1835,14,7.1,5.0,1,0.7,0.6,10.0
1836,18,5.5,5.3,1,0.7,1.5,10.0
1837,15,4.3,6.1,0,0.3,0.2,8.3
1838,15,2.6,7.1,0,3.2,0.2,10.0
1839,18,3.4,8.0,0,2.3,1.7,7.5
1840,17,3.5,7.2,1,0.6,1.2,6.0
1841,15,7.0,7.6,0,0.0,0.6,9.4
1842,17,4.3,3.9,1,1.6,0.4,8.2
1843,18,7.5,5.0,1,1.2,2.8,10.0
1844,14,4.6,7.1,0,1.4,2.5,8.4
1845,15,4.7,8.9,1,1.4,1.0,8.9
1846,19,5.3,4.4,0,1.4,1.0,10.0
1847,16,6.6,7.0,0,2.9,1.6,10.0
1848,13,4.2,6.5,1,2.4,1.1,7.5
1849,15,5.4,8.7,1,3.1,1.2,10.0
1850,15,1.2,8.2,0,2.3,0.9,8.7
1851,13,3.6,7.7,0,1.5,1.4,8.2
1852,16,4.1,6.0,1,1.9,1.2,10.0
1853,16,6.1,7.3,1,1.0,1.0,10.0
1854,19,3.5,4.5,0,1.9,0.5,7.8
1855,19,2.3,4.5,0,3.1,0.5,8.4
1856,13,5.3,5.9,0,0.9,2.3,8.9
1857,17,4.5,6.3,1,0.8,0.7,9.9
1858,15,6.6,4.2,1,3.2,0.7,10.0
1859,14,2.5,9.8,0,0.9,0.8,2.8
1860,16,4.1,6.9,0,2.2,1.7,7.9
1861,16,1.7,7.3,1,1.1,1.3,6.1
1862,15,7.6,5.7,0,1.1,1.4,10.0
1863,18,3.9,7.2,1,2.5,0.3,8.9
1864,18,6.2,7.2,1,0.5,2.4,8.4
1865,14,7.3,6.6,0,1.1,0.6,10.0
1866,18,8.4,6.9,1,1.7,0.3,10.0
1867,15,0.6,7.9,0,2.1,1.4,5.6
1868,15,7.1,4.9,0,1.4,0.8,10.0
1869,15,3.3,5.3,0,1.8,0.8,8.1
1870,14,1.3,7.6,1,2.1,0.6,7.0
1871,18,5.6,6.5,0,0.6,1.1,10.0
1872,15,3.4,6.1,0,1.6,0.3,9.4
1873,17,3.5,7.6,1,3.0,2.1,8.6
1874,15,4.3,4.0,0,1.2,0.0,10.0
1875,14,5.1,7.6,1,1.9,1.4,10.0
1876,15,2.5,6.2,0,2.6,1.5,10.0
1877,17,6.3,3.7,0,1.8,0.8,10.0
1878,16,4.5,6.1,1,1.6,1.4,10.0
1879,14,5.0,6.8,0,0.6,0.7,8.7
1880,17,8.5,9.3,0,2.1,1.0,10.0
1881,15,4.9,6.3,1,2.2,0.8,10.0
1882,17,6.2,7.0,0,2.0,2.6,10.0
1883,13,1.3,3.4,1,0.0,0.7,4.6
1884,15,2.3,4.1,1,3.1,1.7,8.6
1885,16,5.7,6.4,1,1.6,0.0,10.0
1886,15,5.5,10.0,0,1.2,0.4,8.0
1887,13,4.4,6.2,0,0.0,1.0,7.3
1888,16,2.0,5.1,0,1.0,2.7,5.4
1889,13,4.8,6.4,1,1.5,0.7,10.0
1890,15,6.4,6.0,1,3.3,0.5,10.0
1891,17,2.6,8.9,0,0.5,1.4,7.7
1892,15,7.1,7.8,1,1.9,0.0,8.4
1893,17,6.5,4.4,1,0.0,0.8,10.0
1894,19,5.6,7.4,1,3.4,0.1,10.0
1895,16,4.1,5.2,1,1.3,2.0,5.9
1896,18,5.1,4.6,1,1.9,0.8,10.0
1897,19,2.8,7.9,0,1.8,1.4,7.5
1898,18,5.9,4.1,0,3.1,1.4,10.0
1899,13,1.4,7.4,1,0.3,0.4,1.4
1900,19,6.4,6.6,1,1.4,1.6,10.0
1901,18,3.4,8.4,1,2.2,1.2,9.0
1902,15,5.5,6.6,1,0.5,0.8,10.0
1903,19,3.1,4.2,1,0.9,2.6,8.6
1904,17,6.3,8.4,1,1.7,0.5,9.2
1905,17,5.4,7.9,1,2.7,0.7,10.0
1906,18,5.1,5.7,0,0.3,1.2,7.5
1907,17,7.1,7.3,0,1.3,0.0,10.0
1908,19,7.0,5.5,1,0.7,1.2,10.0
1909,15,7.2,8.4,1,0.8,1.1,8.2
1910,16,4.5,6.7,0,1.2,1.7,9.7
1911,14,3.3,8.2,1,2.3,0.7,8.5
1912,15,3.9,5.5,0,1.8,0.2,7.3
1913,14,5.2,6.8,0,0.8,0.9,8.6
1914,18,2.5,7.6,0,2.7,2.3,7.7
1915,18,6.9,7.0,0,1.6,0.7,10.0
1916,14,1.3,8.7,1,1.7,1.7,5.8
1917,17,7.5,6.6,1,0.9,1.7,10.0
1918,14,3.0,6.1,1,1.0,0.7,6.6
1919,13,4.5,6.9,0,1.7,0.5,7.9
1920,14,4.1,3.0,0,1.2,1.7,10.0
1921,18,4.3,6.7,0,0.0,0.3,8.2
1922,19,7.2,9.8,0,0.0,0.9,10.0
1923,14,5.3,6.3,0,1.3,0.6,10.0
1924,18,0.8,8.9,0,2.9,1.0,7.1
1925,15,5.6,6.3,0,0.6,1.7,8.2
1926,16,7.7,5.4,0,2.5,0.5,10.0
1927,17,3.6,4.8,1,2.1,2.4,10.0
1928,14,6.1,4.8,0,0.0,1.7,10.0
1929,13,4.2,3.8,0,1.7,0.9,10.0
1930,13,4.8,7.2,1,0.8,1.0,9.9
1931,18,7.8,7.8,0,2.0,0.0,10.0
1932,17,5.0,7.0,0,0.8,0.6,7.7
1933,18,5.3,8.9,1,0.5,1.5,7.0
1934,16,4.8,6.7,0,2.0,0.9,9.9
1935,14,8.5,6.4,0,0.0,0.7,10.0
1936,17,8.4,7.1,1,1.4,0.1,10.0
1937,19,4.4,7.5,1,1.5,1.8,8.7
1938,17,5.2,7.2,1,1.0,2.4,10.0
1939,17,4.0,7.2,0,2.1,1.0,10.0
1940,13,2.9,4.7,0,0.6,0.4,8.4
1941,14,5.5,8.3,0,2.4,0.0,10.0
1942,19,6.3,6.1,1,0.4,1.3,10.0
1943,19,6.1,4.2,0,2.4,1.7,10.0
1944,15,5.9,3.8,1,1.4,0.4,10.0
1945,17,2.5,6.6,0,2.4,0.0,9.4
1946,16,4.9,5.8,0,1.0,0.3,6.9
1947,16,8.0,8.5,0,1.7,1.4,10.0
1948,16,4.7,5.2,0,1.8,1.5,10.0
1949,14,5.1,5.7,1,2.0,0.3,10.0
1950,14,6.0,5.0,0,0.0,1.0,10.0
1951,18,4.6,4.4,1,1.0,0.5,10.0
1952,13,6.9,8.4,0,3.1,1.3,10.0
1953,16,3.4,8.6,0,1.1,2.2,8.5
1954,15,4.8,5.0,1,0.5,1.5,8.9
1955,17,4.7,6.3,0,1.9,2.0,10.0
1956,18,1.8,7.4,1,1.9,0.2,7.7
1957,18,4.5,7.3,0,0.7,1.9,8.3
1958,14,1.3,5.9,0,2.6,1.2,10.0
1959,15,3.7,6.6,1,2.4,1.1,8.4
1960,18,7.3,6.4,0,2.9,2.8,10.0
1961,14,6.1,6.1,0,0.3,1.2,10.0
1962,16,5.5,6.3,1,0.3,0.1,10.0
1963,13,5.9,7.0,0,0.3,1.5,7.8
1964,16,3.2,5.2,0,0.6,2.4,7.1
1965,19,3.0,10.0,0,1.5,1.2,6.1
1966,18,2.6,5.4,1,1.4,1.3,8.4
1967,13,2.7,6.1,1,2.0,0.0,6.8
1968,14,8.8,7.6,1,1.5,1.9,10.0
1969,16,4.4,9.4,1,1.3,0.2,6.0
1970,18,4.3,4.8,0,1.9,1.1,10.0
1971,19,4.7,7.9,1,1.4,1.3,8.4
1972,13,7.6,6.8,1,2.5,1.4,10.0
1973,13,5.2,9.0,1,0.5,1.2,8.0
1974,17,6.4,6.9,0,1.9,1.8,9.4
1975,18,6.7,6.7,1,2.2,1.2,10.0
1976,17,3.1,7.1,0,0.0,1.8,4.4
1977,15,4.6,4.8,0,0.3,1.1,10.0
1978,13,5.1,8.8,1,2.5,1.0,10.0
1979,16,1.7,6.1,0,2.6,0.9,8.2
1980,19,1.5,10.0,0,1.3,0.8,4.4
1981,17,4.9,6.9,1,0.6,0.9,10.0
1982,15,7.9,6.8,1,1.0,1.7,10.0
1983,19,6.1,5.4,1,0.7,1.5,10.0
1984,19,4.3,9.3,1,1.9,0.1,9.2
1985,15,6.6,5.5,1,2.3,0.4,10.0
1986,18,6.7,7.6,0,1.5,0.7,10.0
1987,18,4.7,10.0,1,2.4,2.0,10.0
1988,15,5.5,5.4,0,1.1,1.2,8.5
1989,16,3.2,5.9,0,1.4,2.0,8.9
1990,14,7.5,6.2,0,3.2,1.1,10.0
1991,14,6.3,8.1,0,0.0,0.6,9.2
1992,13,4.2,6.2,0,2.8,1.1,8.2
1993,16,0.4,4.0,1,0.9,1.6,3.9
1994,18,3.5,5.5,0,1.2,1.6,9.9
1995,15,5.4,5.9,1,1.6,1.0,10.0
1996,15,4.7,6.8,1,1.3,1.2,9.9
1997,19,3.0,6.6,1,0.8,1.2,6.7
1998,15,6.4,6.3,0,1.4,1.8,8.2
1999,16,6.3,6.3,1,2.1,0.3,10.0
2000,13,4.4,5.3,1,1.7,0.0,10.0
2001,18,3.5,4.0,0,1.2,2.1,9.3
2002,15,1.0,5.9,0,2.9,1.0,8.1
2003,13,4.9,6.7,0,2.9,1.3,10.0
2004,17,2.6,6.1,0,0.3,1.0,7.8
2005,14,2.7,5.1,1,0.0,1.1,7.1
2006,16,6.5,5.3,1,0.5,1.4,10.0
2007,15,3.5,5.9,1,0.5,1.1,6.5
2008,13,2.7,6.9,1,1.7,1.2,10.0
2009,15,7.3,8.8,1,1.3,2.4,10.0
2010,19,4.7,6.3,1,1.9,0.9,9.6
2011,14,4.5,5.9,1,0.7,0.2,9.0
2012,16,9.0,7.1,0,1.0,0.0,10.0
2013,17,7.7,7.3,1,3.5,1.7,10.0
2014,16,4.2,5.9,0,2.7,0.6,9.3
2015,16,3.3,4.4,0,1.2,0.8,6.9
2016,13,4.9,4.9,0,0.0,0.5,10.0
2017,17,6.6,7.5,1,0.6,1.3,8.8
2018,16,7.6,6.1,1,2.2,0.1,10.0
2019,19,8.0,6.7,0,1.0,0.0,10.0
2020,18,5.0,5.5,1,0.7,1.6,9.6
2021,19,3.0,6.8,0,1.9,0.2,8.9
2022,13,5.2,7.4,0,1.5,0.8,8.3
2023,15,8.5,7.3,1,1.7,0.5,10.0
2024,17,3.4,6.0,1,0.3,1.2,6.3
2025,17,4.4,5.4,1,2.1,2.2,10.0
2026,19,1.3,7.3,0,3.1,0.7,7.6
2027,19,3.1,5.0,0,3.0,1.0,10.0
2028,17,5.9,7.2,1,1.5,1.5,10.0
2029,16,6.6,7.5,0,2.0,0.1,10.0
2030,15,5.8,8.1,0,1.3,0.7,7.8
2031,14,1.5,8.6,1,3.8,0.2,8.1
2032,15,6.4,9.3,1,2.4,1.2,8.9
2033,17,0.9,8.8,0,2.4,0.2,2.1
2034,19,0.0,5.4,1,1.2,0.0,6.1
2035,17,5.1,5.3,1,1.3,1.5,10.0
2036,15,2.9,7.8,0,1.6,1.3,6.6
2037,16,5.2,7.3,0,2.2,1.3,10.0
2038,19,7.1,7.4,0,2.1,1.8,10.0
2039,17,3.5,7.8,1,1.2,2.9,6.3
2040,13,1.2,7.2,1,0.6,0.4,5.6
2041,14,3.0,8.8,1,2.5,0.6,7.0
2042,14,5.4,3.0,0,1.1,0.0,10.0
2043,16,2.9,5.5,0,1.8,0.8,10.0
2044,16,7.7,6.8,1,1.2,0.4,10.0
2045,19,4.9,10.0,0,0.3,1.4,6.2
2046,13,3.2,5.1,1,1.7,2.0,10.0
2047,17,7.3,10.0,1,0.1,1.6,9.9
2048,14,6.0,5.5,0,0.7,0.8,8.4
2049,13,7.8,7.6,0,1.3,1.9,10.0
2050,14,2.8,7.6,1,1.6,0.4,8.2
2051,19,7.0,6.6,0,1.4,1.0,10.0
2052,13,6.8,6.0,0,1.1,0.6,10.0
2053,18,4.1,6.3,1,1.7,1.5,10.0
2054,19,6.6,5.8,0,1.8,1.4,10.0
2055,16,7.2,6.6,1,0.7,0.9,10.0
2056,19,5.4,6.2,0,1.7,0.5,10.0
2057,18,4.5,10.0,0,2.0,0.4,8.1
2058,13,5.6,9.0,1,1.0,1.9,6.9
2059,13,3.7,7.6,1,1.6,1.3,9.9
2060,17,3.2,6.2,1,2.1,0.6,5.2
2061,13,5.0,8.3,0,0.5,0.0,10.0
2062,17,3.6,6.1,1,1.7,1.6,9.9
2063,14,4.3,4.6,0,0.6,1.3,7.4
2064,17,4.2,7.0,1,2.4,1.8,7.1
2065,16,5.8,7.3,0,0.0,0.8,8.2
2066,19,6.6,6.1,0,1.1,2.8,9.9
2067,17,4.2,6.8,0,1.7,2.1,9.7
2068,18,3.4,6.3,1,2.3,2.4,9.3
2069,13,7.1,7.6,1,1.3,0.3,10.0
2070,14,4.4,3.8,0,0.1,1.4,5.7
2071,18,7.1,3.0,1,2.5,0.1,10.0
2072,16,2.3,6.5,0,2.2,0.6,8.8
2073,14,4.1,6.8,0,1.1,1.1,10.0
2074,18,3.3,6.0,1,2.4,0.8,9.1
2075,19,4.0,7.5,1,1.2,2.1,10.0
2076,14,7.7,5.9,1,0.4,1.5,10.0
2077,18,4.5,5.2,1,2.3,2.1,10.0
2078,14,5.4,4.8,1,2.6,0.2,10.0
2079,18,4.6,5.5,0,1.8,0.9,7.0
2080,19,6.0,7.7,0,2.0,2.2,9.7
2081,17,3.1,7.2,1,0.2,1.2,6.3
2082,14,2.2,5.1,0,2.3,0.7,10.0
2083,17,4.4,5.5,1,1.3,0.7,8.4
2084,13,4.6,6.2,0,1.8,1.0,10.0
2085,14,2.0,6.3,0,1.7,0.9,6.2
2086,16,4.1,7.9,0,1.2,1.1,7.5
2087,18,9.1,5.6,1,1.9,1.8,10.0
2088,19,3.9,8.5,0,0.1,1.6,6.5
2089,19,4.2,3.0,1,1.4,0.0,9.0
2090,17,4.5,4.9,0,2.6,0.8,9.7
2091,19,4.9,6.4,1,0.6,1.6,6.5
2092,17,4.9,7.4,1,1.6,1.3,10.0
2093,18,2.6,6.1,1,0.0,0.3,3.7
2094,14,5.1,3.8,1,0.5,1.3,10.0
2095,17,4.6,6.7,0,2.8,1.5,10.0
2096,16,7.3,6.9,1,0.3,0.5,7.8
2097,13,4.9,5.8,1,1.1,1.4,7.4
2098,15,3.2,8.3,0,1.0,1.1,6.1
2099,17,7.6,5.8,1,0.9,1.8,10.0
2100,13,6.2,6.6,1,0.4,1.4,10.0
2101,17,4.9,3.6,0,0.8,1.9,9.0
2102,16,5.5,9.0,0,0.1,0.9,10.0
2103,13,3.2,5.5,1,1.5,1.2,8.5
2104,19,5.4,6.1,0,0.9,0.8,10.0
2105,19,4.2,6.6,0,0.7,0.3,9.8
2106,16,6.5,9.0,0,1.9,0.1,10.0
2107,13,2.8,8.6,0,1.0,0.0,8.6
2108,14,4.4,6.8,0,2.3,0.3,10.0
2109,16,7.5,6.5,1,0.8,0.9,10.0
2110,14,1.2,3.8,1,0.3,1.4,5.6
2111,15,4.6,4.9,0,1.0,2.5,7.5
2112,17,5.5,4.2,1,1.4,1.4,10.0
2113,17,4.9,8.3,0,1.8,0.4,10.0
2114,17,3.0,8.6,1,2.9,0.0,10.0
2115,18,6.2,8.2,0,2.4,0.0,10.0
2116,13,6.8,7.1,1,1.7,1.4,10.0
2117,15,3.9,6.8,1,0.0,0.9,6.7
2118,13,5.6,5.6,0,0.3,1.2,10.0
2119,14,3.8,7.5,1,3.0,1.2,8.0
2120,18,6.2,7.0,1,1.3,0.1,10.0
2121,15,6.0,4.2,1,0.1,1.3,10.0
2122,15,6.5,6.9,0,1.7,0.4,9.3
2123,14,8.9,5.8,1,1.4,0.3,10.0
2124,16,6.5,7.7,0,1.7,0.8,10.0
2125,18,4.4,6.1,0,1.6,1.1,9.5
2126,15,4.1,5.8,1,0.0,1.0,6.7
2127,19,7.7,3.1,0,1.7,2.0,10.0
2128,14,4.9,5.9,0,0.2,0.9,10.0
2129,15,6.0,5.6,0,2.5,0.1,9.8
2130,16,4.2,6.1,1,0.0,1.8,5.0
2131,19,7.2,4.7,1,1.8,1.3,10.0
2132,13,5.3,4.0,1,2.2,2.4,10.0
2133,13,5.3,5.8,0,2.9,2.3,10.0
2134,17,5.0,5.8,0,0.6,1.0,7.7
2135,15,4.3,7.1,0,3.0,1.5,10.0
2136,16,5.8,5.1,0,0.7,1.0,10.0
2137,19,5.1,7.5,1,2.1,0.7,9.5
2138,16,4.8,6.1,1,1.9,0.1,9.0
2139,15,1.6,6.7,1,1.6,0.4,6.0
2140,13,5.7,4.6,0,1.3,1.4,10.0
2141,17,6.3,4.7,0,0.5,1.0,10.0
2142,14,5.5,6.9,0,0.2,0.5,10.0
2143,14,4.3,6.7,0,0.8,0.8,9.4
2144,17,5.8,5.4,0,1.3,1.8,10.0
2145,18,5.4,7.7,0,2.8,0.8,10.0
2146,15,3.6,5.5,1,0.1,1.7,6.6
2147,16,3.8,6.0,1,0.9,1.2,10.0
2148,14,7.4,5.6,1,3.6,2.1,10.0
2149,18,5.1,6.2,1,2.8,0.5,10.0
2150,13,4.9,9.0,0,1.9,1.8,6.6
2151,15,6.1,4.3,1,1.2,0.4,9.4
2152,14,0.8,9.2,1,1.9,0.8,2.0
2153,17,3.8,7.5,1,0.0,1.2,8.1
2154,19,4.4,7.3,0,3.1,0.0,10.0
2155,19,6.2,3.3,0,1.5,2.5,10.0
2156,18,7.1,6.9,0,1.0,1.4,9.9
2157,19,3.4,8.5,0,2.0,1.0,5.4
2158,18,7.1,8.1,0,0.8,1.1,10.0
2159,16,8.1,6.4,1,1.0,1.0,10.0
2160,18,7.4,5.4,0,0.9,0.7,10.0
2161,17,4.2,6.1,1,0.9,2.0,9.3
2162,15,6.6,5.9,0,2.6,0.3,10.0
2163,16,5.7,9.7,1,0.4,0.8,9.6
2164,16,5.2,7.1,0,2.1,0.2,10.0
2165,18,2.6,7.3,1,1.7,0.2,6.7
2166,17,5.5,8.1,0,1.1,2.1,9.4
2167,18,3.4,7.2,1,0.4,1.4,5.8
2168,19,7.0,7.9,0,3.7,1.0,10.0
2169,18,8.6,5.5,1,0.2,1.3,10.0
2170,16,7.1,5.6,1,1.8,1.5,10.0
2171,18,1.7,7.2,0,1.9,0.4,6.7
2172,14,4.3,7.9,0,0.2,1.6,6.3
2173,16,6.4,8.5,1,0.8,1.0,10.0
2174,16,4.1,6.4,0,0.4,0.8,10.0
2175,18,3.6,6.8,0,3.1,1.0,9.9
2176,15,7.1,4.7,0,2.3,1.1,10.0
2177,17,5.2,4.5,0,0.9,1.0,9.8
2178,13,2.5,8.3,0,1.7,0.7,4.9
2179,18,7.0,5.0,0,1.7,0.7,10.0
2180,17,5.2,7.8,1,2.7,1.6,9.2
2181,19,5.9,6.8,1,0.0,0.2,10.0
2182,17,6.7,6.3,0,3.2,0.4,10.0
2183,15,2.3,4.9,0,0.1,1.1,4.1
2184,13,2.9,6.3,1,1.8,0.0,7.2
2185,17,4.9,6.9,1,2.3,0.4,9.2
2186,18,5.2,8.2,0,1.7,0.6,8.8
2187,15,6.1,6.7,0,2.6,0.3,10.0
2188,18,3.5,6.0,0,0.6,0.6,7.7
2189,13,2.9,6.4,0,1.6,0.4,8.2
2190,19,6.7,6.1,1,2.6,1.0,10.0
2191,14,1.6,5.7,0,1.7,0.7,6.1
2192,16,1.2,10.0,0,3.7,1.4,8.5
2193,16,3.1,7.3,0,2.4,0.1,8.9
2194,15,10.2,7.2,0,0.1,0.3,10.0
2195,16,6.3,6.2,0,1.4,1.5,10.0
2196,15,8.1,7.1,0,0.6,0.0,10.0
2197,14,4.2,8.7,0,2.2,1.0,10.0
2198,13,5.0,6.4,1,1.7,1.0,10.0
2199,16,2.9,5.1,1,0.8,1.7,6.8
2200,19,6.7,4.6,1,1.0,0.3,10.0
2201,15,6.8,7.9,0,1.0,1.3,7.8
2202,19,5.4,5.0,0,1.8,0.5,10.0
2203,17,4.8,7.6,0,2.4,1.5,10.0
2204,13,7.7,9.2,0,3.0,1.6,10.0
2205,18,7.5,6.7,0,1.6,0.2,10.0
2206,18,5.3,8.2,1,2.1,0.0,10.0
2207,13,4.4,4.9,0,0.7,0.0,9.5
2208,13,7.3,5.0,1,1.0,1.1,10.0
2209,14,7.7,9.8,0,1.7,1.9,10.0
2210,15,6.9,5.1,0,0.3,1.6,10.0
2211,17,2.4,9.3,1,0.0,1.2,4.6
2212,15,3.5,6.9,1,1.8,0.8,9.5
2213,16,4.9,5.0,0,0.3,1.1,10.0
2214,15,6.2,8.1,0,2.0,0.0,10.0
2215,13,5.8,8.6,0,2.4,1.1,10.0
2216,13,5.2,9.1,0,0.0,2.5,5.4
2217,13,5.7,6.2,0,1.9,1.3,10.0
2218,17,3.6,8.2,1,0.7,0.6,8.2
2219,19,4.2,6.6,1,2.3,1.4,7.2
2220,15,4.8,6.5,1,0.0,1.2,9.4
2221,14,5.2,8.6,0,1.5,0.4,9.6
2222,14,3.5,5.2,0,0.5,2.0,6.9
2223,14,6.7,8.2,1,1.0,0.8,7.7
2224,13,8.3,5.6,1,2.0,1.6,10.0
2225,17,8.5,6.5,1,1.4,0.8,10.0
2226,13,8.0,5.8,0,2.9,0.9,10.0
2227,14,6.6,5.7,1,1.3,0.5,10.0
2228,16,6.3,5.7,0,2.5,0.8,10.0
2229,17,2.7,6.8,1,0.0,0.2,4.9
2230,14,6.3,7.9,0,2.3,0.5,10.0
2231,19,6.5,5.9,0,2.7,0.0,10.0
2232,14,2.1,10.0,1,0.5,1.5,2.3
2233,18,3.1,3.0,1,0.5,0.8,7.6
2234,18,5.2,7.6,1,1.0,0.1,10.0
2235,13,3.9,5.8,1,1.4,0.7,10.0
2236,13,4.8,3.0,0,0.6,2.0,10.0
2237,13,7.2,6.7,0,1.8,1.0,10.0
2238,14,3.6,6.5,0,2.7,0.7,9.3
2239,16,4.0,9.0,0,2.2,0.7,7.9
2240,14,0.0,5.6,1,2.9,0.8,3.8
2241,15,6.1,6.5,0,2.1,1.8,10.0
2242,19,6.7,5.5,1,1.8,1.6,10.0
2243,16,5.0,8.0,0,0.0,0.8,6.6
2244,17,5.6,5.0,0,2.2,2.2,10.0
2245,14,6.9,5.8,1,1.2,1.1,10.0
2246,16,4.0,6.9,0,0.6,0.4,8.5
2247,14,3.7,5.3,1,0.7,0.9,8.4
2248,19,6.2,4.8,1,0.7,0.8,10.0
2249,14,2.5,5.8,0,2.2,0.5,5.6
2250,14,4.5,6.7,1,0.0,0.0,6.5
2251,14,5.0,6.2,0,2.2,1.2,10.0
2252,15,8.2,6.3,0,1.3,0.8,10.0
2253,18,4.1,7.2,0,3.7,0.0,9.9
2254,17,3.2,7.5,1,0.5,0.9,7.9
2255,19,6.2,5.2,0,1.8,1.0,10.0
2256,19,5.9,4.9,0,0.6,0.6,10.0
2257,15,8.9,3.9,0,2.0,0.0,10.0
2258,17,6.8,6.3,1,0.0,2.1,10.0
2259,14,3.1,6.0,1,3.1,2.1,8.0
2260,14,4.1,7.8,0,3.7,0.0,10.0
2261,14,3.8,7.8,1,0.0,1.0,5.5
2262,16,5.1,7.0,0,0.2,0.2,8.0
2263,14,5.9,6.3,0,2.9,0.9,10.0
2264,14,6.7,5.3,1,1.3,1.6,10.0
2265,19,6.4,6.5,0,1.1,1.8,9.8
2266,17,9.0,6.6,1,3.0,1.7,10.0
2267,13,6.0,8.1,0,1.7,1.4,10.0
2268,13,3.8,6.8,1,2.3,0.8,8.9
2269,16,5.4,5.7,0,2.3,1.4,10.0
2270,16,6.3,6.9,1,2.4,2.3,10.0
2271,16,6.0,4.8,1,1.9,1.3,10.0
2272,16,3.0,4.2,1,2.0,0.5,8.5
2273,18,5.3,7.5,0,1.1,1.4,7.6
2274,18,1.6,5.4,1,1.2,1.6,6.2
2275,14,4.9,8.3,0,0.4,2.3,8.3
2276,14,6.6,4.8,0,2.7,0.6,10.0
2277,17,6.6,5.8,1,2.6,1.3,10.0
2278,13,0.3,4.8,1,1.2,1.8,4.1
2279,15,3.2,6.3,1,1.7,1.5,6.9
2280,16,2.0,7.2,0,3.4,1.1,9.5
2281,19,7.3,7.2,1,2.3,0.4,10.0
2282,14,2.5,6.2,1,1.0,1.2,7.9
2283,14,6.4,7.6,0,1.9,0.2,10.0
2284,17,3.5,5.6,0,0.5,1.2,6.8
2285,16,3.1,7.4,1,2.4,0.2,9.6
2286,15,5.2,8.0,1,2.7,1.5,9.9
2287,14,5.9,7.7,0,2.0,1.2,10.0
2288,15,5.4,7.6,0,2.2,1.0,6.7
2289,16,5.8,6.8,0,2.1,2.8,10.0
2290,16,3.2,7.8,1,1.6,1.4,7.3
2291,14,7.5,6.4,1,2.6,1.2,10.0
2292,16,7.1,4.6,1,0.8,1.5,10.0
2293,15,0.9,5.1,0,2.5,0.7,8.0
2294,17,3.7,7.2,1,1.7,0.6,9.1
2295,14,8.0,3.5,0,1.7,1.0,10.0
2296,14,6.1,8.4,0,1.0,1.5,9.9
2297,13,4.6,4.5,0,0.4,0.4,10.0
2298,18,6.2,7.6,0,0.0,1.5,8.8
2299,13,3.9,8.5,1,1.4,0.8,6.1
2300,13,1.5,7.9,1,0.0,0.3,2.2
2301,18,5.8,7.4,1,0.2,0.5,6.8
2302,13,5.2,4.9,0,4.0,1.1,10.0
2303,15,2.0,6.9,0,2.8,1.3,7.5
2304,13,2.9,4.3,0,2.0,0.6,9.2
2305,17,3.6,4.4,1,1.5,2.1,7.7
2306,18,5.4,5.6,1,1.3,1.0,10.0
2307,19,2.2,4.8,1,0.0,0.1,3.3
2308,18,2.8,6.3,0,1.9,0.0,6.4
2309,16,2.4,5.7,1,1.5,0.2,7.6
2310,13,2.9,9.8,1,2.1,1.1,4.9
2311,18,3.3,5.0,1,1.0,1.3,6.4
2312,17,7.0,5.6,1,1.6,0.7,10.0
2313,17,1.6,4.6,0,1.0,1.1,4.9
2314,19,4.9,7.1,0,2.4,0.5,10.0
2315,16,5.2,9.2,1,0.5,0.1,10.0
2316,18,6.9,7.3,1,0.2,0.7,10.0
2317,19,2.2,5.3,1,1.4,1.3,5.0
2318,19,6.4,6.3,0,1.2,0.2,9.7
2319,18,6.7,8.0,1,1.7,0.4,10.0
2320,19,4.2,7.2,1,0.9,0.8,9.1
2321,13,3.4,7.1,1,1.2,1.2,8.9
2322,17,1.0,7.1,0,0.5,0.7,3.8
2323,14,3.4,6.4,0,0.7,1.1,4.7
2324,13,6.0,7.0,0,0.9,1.8,10.0
2325,16,4.6,7.1,1,2.0,1.5,9.9
2326,13,5.4,4.0,1,1.7,1.9,10.0
2327,14,4.3,7.9,1,1.7,1.9,9.6
2328,18,4.8,6.5,0,2.1,0.5,10.0
2329,17,5.1,4.6,0,2.7,1.8,10.0
2330,15,1.9,8.0,1,1.7,0.6,5.7
2331,15,4.1,7.7,0,1.3,1.1,8.4
2332,14,6.0,5.1,0,2.8,1.1,10.0
2333,16,5.5,5.6,1,2.3,0.0,10.0
2334,14,4.2,6.6,0,4.0,1.2,10.0
2335,19,8.2,6.9,0,1.7,1.5,10.0
2336,16,6.2,6.1,1,1.2,0.7,10.0
2337,15,5.2,5.7,1,0.3,0.8,10.0
2338,15,1.2,8.0,0,0.0,0.7,7.1
2339,13,3.3,7.9,0,1.0,0.9,5.4
2340,19,1.2,8.1,0,3.3,0.9,8.1
2341,19,5.8,6.9,0,0.0,0.5,8.2
2342,14,3.9,5.2,1,0.0,1.5,8.4
2343,18,1.8,4.0,1,2.6,2.1,8.8
2344,19,4.5,5.5,0,1.4,0.0,10.0
2345,14,6.9,6.6,0,1.9,1.1,10.0
2346,15,7.8,9.9,0,2.1,0.4,10.0
2347,15,3.3,5.3,0,0.0,0.9,8.6
2348,13,5.9,3.8,1,1.9,1.1,10.0
2349,15,4.3,4.3,1,1.8,1.6,10.0
2350,15,1.9,7.4,1,2.8,0.9,9.5
2351,13,3.6,5.3,0,0.4,0.7,9.1
2352,17,7.6,4.0,0,3.0,0.9,10.0
2353,19,4.3,6.3,0,2.0,0.7,9.5
2354,17,2.6,7.0,0,3.4,0.6,10.0
2355,18,4.5,5.7,0,0.8,1.6,6.1
2356,16,5.3,7.6,0,0.0,0.0,6.0
2357,17,2.9,7.9,1,2.8,2.0,5.7
2358,19,8.0,7.7,1,3.3,1.7,10.0
2359,16,2.2,6.5,1,0.5,1.7,2.8
2360,18,1.7,5.9,0,1.6,0.1,5.0
2361,16,3.8,7.3,0,2.1,0.0,8.2
2362,13,3.3,6.5,0,2.3,1.8,8.9
2363,13,4.1,4.7,1,0.5,1.9,9.2
2364,13,7.1,7.6,0,3.1,1.6,10.0
2365,15,2.5,7.1,0,1.3,1.6,7.4
2366,14,6.0,6.2,1,0.9,1.1,10.0
2367,13,7.5,6.7,1,0.7,1.4,10.0
2368,18,4.6,7.6,0,2.3,1.7,9.1
2369,16,3.2,8.0,0,0.0,1.1,7.5
2370,17,4.6,6.5,0,1.2,2.1,10.0
2371,15,3.7,6.0,0,1.5,0.9,10.0
2372,18,7.8,7.1,0,1.4,0.0,10.0
2373,19,5.2,6.2,1,1.7,0.7,6.2
2374,14,7.4,6.7,0,1.8,1.4,10.0
2375,19,6.9,6.5,1,0.0,2.7,10.0
2376,16,7.3,5.0,0,1.1,1.7,10.0
2377,17,4.0,7.4,0,0.0,0.9,6.5
2378,13,3.0,6.5,1,1.3,0.6,9.0
2379,18,4.9,8.0,1,1.5,2.0,9.5
2380,13,4.9,7.9,1,1.3,1.6,5.9
2381,15,4.4,5.7,0,1.6,0.1,8.8
2382,18,5.8,4.8,0,1.3,1.1,10.0
2383,14,2.9,6.6,0,1.6,0.8,10.0
2384,16,2.7,5.3,0,2.8,2.1,10.0
2385,19,0.0,7.1,0,1.3,0.5,1.0
2386,16,2.5,5.2,0,1.6,2.0,5.0
2387,13,3.1,4.3,1,1.9,2.0,10.0
2388,18,8.1,4.6,1,1.8,1.7,10.0
2389,14,6.7,7.1,0,1.7,1.1,7.8
2390,13,6.7,5.8,1,2.6,1.6,10.0
2391,17,5.1,8.3,0,3.5,0.4,10.0
2392,15,5.2,7.5,0,0.0,1.5,8.4
2393,15,4.3,7.3,1,1.1,1.5,10.0
2394,14,9.5,7.4,1,2.6,1.5,10.0
2395,15,2.7,4.1,1,1.5,0.1,7.8
2396,19,6.4,5.3,0,0.2,0.9,10.0
2397,15,3.8,6.8,0,1.2,1.0,8.3
2398,17,6.3,8.0,0,1.8,0.6,10.0
2399,14,6.8,3.6,0,1.5,0.5,10.0
2400,13,11.2,8.1,1,2.4,0.9,10.0
2401,13,2.2,7.1,0,0.4,0.1,4.5
2402,13,3.5,8.7,0,2.1,0.9,7.0
2403,14,8.9,4.9,1,2.1,0.7,10.0
2404,16,4.5,5.0,1,3.1,0.8,10.0
2405,17,4.0,6.8,1,1.3,1.3,9.5
2406,16,1.7,5.1,1,2.1,1.6,8.2
2407,15,4.3,6.5,1,1.9,1.2,10.0
2408,15,4.4,8.0,1,0.0,1.0,8.2
2409,18,4.6,3.0,0,2.2,1.0,10.0
2410,18,5.7,5.3,1,1.2,1.5,10.0
2411,15,5.4,5.8,0,3.1,0.5,10.0
2412,13,3.0,7.4,0,2.9,1.4,8.9
2413,14,3.1,5.7,1,0.7,1.0,5.9
2414,14,3.0,5.6,1,2.0,0.5,9.0
2415,16,8.4,6.9,1,1.0,1.5,10.0
2416,18,7.5,8.1,1,1.4,1.9,10.0
2417,13,3.8,6.8,1,4.0,0.0,10.0
2418,13,3.7,7.4,0,2.0,1.0,9.6
2419,15,7.3,5.6,0,1.2,1.9,9.1
2420,19,2.9,7.6,0,2.1,0.4,6.2
2421,18,3.1,7.6,1,3.1,2.6,6.5
2422,13,7.1,3.3,1,1.5,0.8,10.0
2423,18,4.2,7.3,0,0.0,0.9,6.0
2424,14,6.2,6.9,0,0.0,1.4,10.0
2425,14,6.7,5.5,1,0.8,0.9,7.0
2426,18,3.5,8.8,1,2.2,0.5,6.0
2427,13,6.9,6.1,0,1.9,2.6,10.0
2428,13,4.9,5.1,1,2.2,0.8,10.0
2429,19,0.0,5.5,0,0.1,1.3,3.7
2430,16,4.7,7.8,0,0.4,0.5,7.6
2431,16,9.1,6.2,0,0.1,1.6,10.0
2432,17,0.0,7.8,0,1.8,0.7,3.2
2433,18,4.3,9.5,1,1.4,1.8,8.7
2434,16,2.2,8.8,1,1.8,1.2,7.2
2435,17,2.6,6.3,1,2.5,0.0,8.4
2436,18,4.8,7.4,1,2.5,1.4,9.2
2437,17,5.3,7.9,1,0.1,1.1,9.8
2438,13,5.6,7.0,0,2.3,0.6,9.0
2439,17,8.4,6.1,1,0.2,1.4,10.0
2440,16,3.4,6.9,0,1.6,0.8,9.0
2441,13,6.9,5.3,1,0.3,2.3,10.0
2442,13,7.8,7.2,0,2.0,2.3,10.0
2443,16,6.5,6.5,0,1.9,0.4,10.0
2444,16,3.5,6.1,0,1.3,0.0,7.4
2445,17,3.9,5.8,1,0.2,1.3,6.9
2446,19,4.7,7.8,1,3.2,1.5,8.9
2447,16,3.8,8.8,0,0.0,1.6,5.3
2448,18,4.9,3.0,1,2.8,0.3,10.0
2449,16,7.0,6.4,0,0.0,0.4,10.0
2450,15,6.3,6.9,1,2.5,1.2,10.0
2451,15,3.4,6.5,0,1.0,1.6,8.0
2452,14,7.7,10.0,1,1.4,0.8,10.0
2453,19,0.0,4.6,1,2.9,0.6,8.2
2454,18,3.6,5.3,0,1.0,0.0,8.4
2455,18,7.5,7.4,1,1.6,1.5,10.0
2456,16,8.3,7.2,1,2.6,0.7,10.0
2457,16,8.5,5.8,0,1.0,1.2,10.0
2458,18,4.2,5.1,0,1.2,0.1,10.0
2459,16,3.7,6.9,1,2.1,1.0,8.1
2460,15,5.7,8.6,0,0.4,0.8,9.6
2461,19,1.2,6.9,0,1.6,1.0,7.0
2462,14,7.0,6.9,0,1.7,0.9,10.0
2463,13,4.1,6.5,1,2.9,1.4,10.0
2464,16,5.4,4.9,1,0.0,1.1,10.0
2465,15,7.7,6.6,1,0.7,0.7,10.0
2466,19,7.9,7.3,1,0.2,0.6,10.0
2467,18,2.9,5.8,1,0.0,0.6,4.2
2468,15,2.9,6.1,0,1.6,1.3,7.5
2469,19,5.1,8.3,1,0.5,1.4,8.6
2470,13,6.1,6.2,0,1.9,0.0,10.0
2471,19,5.6,6.3,0,0.6,1.2,10.0
2472,13,4.8,5.3,0,1.5,0.9,10.0
2473,17,9.4,5.8,0,0.6,2.0,10.0
2474,19,5.3,6.9,1,0.7,1.3,9.7
2475,17,5.2,7.4,0,1.1,0.2,10.0
2476,14,4.3,5.3,0,1.0,0.4,8.2
2477,13,4.6,6.6,1,0.6,0.1,8.8
2478,16,4.4,7.1,0,1.4,0.5,10.0
2479,17,7.8,6.7,1,0.6,0.8,10.0
2480,15,6.9,5.6,0,1.8,0.3,10.0
2481,15,3.9,4.5,0,0.1,0.0,8.8
2482,14,6.4,8.4,1,2.1,0.9,10.0
2483,18,1.1,5.9,0,3.6,0.8,8.8
2484,15,3.6,8.2,0,2.1,0.8,6.2
2485,18,6.4,6.3,1,2.1,0.5,10.0
2486,14,5.1,5.6,0,1.0,1.9,10.0
2487,19,1.8,4.8,1,3.6,0.7,10.0
2488,14,5.2,5.7,0,1.2,0.2,10.0
2489,14,4.3,8.5,0,0.9,1.0,10.0
2490,17,6.4,3.8,1,0.3,1.5,10.0
2491,14,6.2,5.5,1,1.6,1.2,10.0
2492,15,5.0,5.6,0,0.2,1.7,10.0
2493,18,8.4,5.8,1,0.8,0.0,10.0
2494,13,3.8,8.0,0,0.2,1.1,4.8
2495,19,5.1,5.2,1,0.6,1.3,8.9
2496,16,7.5,8.2,1,3.1,1.1,10.0
2497,19,5.5,8.0,0,2.3,1.0,10.0
2498,18,6.1,4.5,1,2.7,0.6,10.0
2499,18,8.9,5.7,1,1.3,2.0,10.0
2500,13,5.2,4.0,0,0.8,1.2,8.1
2501,16,2.6,6.2,1,1.5,1.7,9.4
2502,18,4.9,3.4,0,1.7,0.5,10.0
2503,14,4.5,4.8,1,2.9,0.2,10.0
2504,19,8.1,4.5,1,1.2,1.4,10.0
2505,19,4.5,4.6,0,1.6,1.9,10.0
2506,18,2.9,8.1,1,1.7,2.0,6.0
2507,13,7.6,9.7,1,0.4,0.0,7.8
2508,16,3.5,6.8,0,1.4,0.5,9.7
2509,14,4.1,6.6,1,0.0,0.6,5.2
2510,13,6.9,6.9,0,1.7,0.0,10.0
2511,16,4.7,5.1,0,3.3,0.8,10.0
2512,15,6.2,5.1,1,3.1,0.5,10.0
2513,19,3.6,7.0,0,0.1,1.8,7.9
2514,16,6.6,5.6,0,0.9,1.9,10.0
2515,16,3.2,4.1,0,1.7,1.6,10.0
2516,18,9.4,7.3,0,1.7,0.6,10.0
2517,13,1.7,4.3,1,0.3,0.0,7.4
2518,19,7.0,6.5,0,0.8,0.6,10.0
2519,18,5.2,10.0,1,2.0,1.2,8.2
2520,18,4.9,7.2,1,2.2,1.7,10.0
2521,14,9.1,7.4,1,2.4,0.7,10.0
2522,14,5.4,9.0,0,0.2,1.4,7.6
2523,19,5.8,6.1,0,2.6,0.6,10.0
2524,19,7.0,9.1,0,3.0,0.8,10.0
2525,19,3.3,9.0,0,1.1,0.3,6.7
2526,18,4.6,5.3,0,2.0,0.0,10.0
2527,17,5.9,9.2,0,0.4,0.9,8.2
2528,17,4.5,6.6,1,2.0,0.2,10.0
2529,19,6.2,6.3,0,0.7,0.6,9.7
2530,14,6.0,5.6,0,1.4,0.5,10.0
2531,14,2.4,8.2,0,2.2,1.4,7.2
2532,18,4.1,5.7,1,0.7,0.8,9.6
2533,14,2.5,7.2,1,1.6,1.1,4.7
2534,17,4.3,5.9,0,1.9,1.9,10.0
2535,13,2.7,7.6,1,1.3,0.0,6.8
2536,19,4.2,6.3,1,1.8,1.2,8.0
2537,13,6.2,5.8,0,3.2,0.8,10.0
2538,18,5.4,5.3,0,2.4,1.6,10.0
2539,16,5.8,7.8,0,2.5,0.8,10.0
2540,14,2.4,5.3,0,1.4,1.8,7.6
2541,13,6.1,7.0,1,0.8,1.6,10.0
2542,16,4.9,4.5,1,1.2,0.0,10.0
2543,19,8.8,7.1,1,1.7,1.0,10.0
2544,15,6.2,4.9,1,1.9,0.1,10.0
2545,19,2.2,7.4,0,1.2,2.1,4.5
2546,17,3.8,4.9,0,3.3,1.6,8.8
2547,14,6.9,5.7,0,1.5,1.6,10.0
2548,18,5.0,3.5,1,2.7,1.4,10.0
2549,17,7.4,6.3,0,0.3,0.4,10.0
2550,19,5.1,6.9,1,1.7,1.2,10.0
2551,15,0.2,5.7,1,2.0,1.2,4.3
2552,14,2.6,6.3,0,2.9,0.9,9.4
2553,18,6.2,6.0,0,1.0,1.9,9.5
2554,19,4.5,9.0,0,1.6,1.0,7.1
2555,16,6.0,8.9,1,1.5,0.4,10.0
2556,13,4.1,8.1,0,1.5,1.2,7.0
2557,15,1.1,6.5,1,0.6,0.8,3.0
2558,19,7.1,4.0,1,2.0,1.5,10.0
2559,17,4.9,6.5,0,2.0,1.2,8.6
2560,13,1.5,7.8,1,1.2,0.0,4.3
2561,16,5.5,6.9,0,0.8,0.3,9.2
2562,18,0.9,5.9,1,2.3,1.1,8.0
2563,14,4.4,8.6,0,1.1,0.8,6.3
2564,19,4.7,9.9,1,1.3,0.6,8.2
2565,18,6.2,6.9,1,0.4,0.2,10.0
2566,17,5.8,9.1,1,1.6,1.5,9.7
2567,16,6.6,3.0,0,1.2,1.1,10.0
2568,13,9.2,7.6,0,4.0,0.6,10.0
2569,17,5.8,7.8,0,0.1,0.8,8.6
2570,15,4.4,4.3,0,1.3,0.8,10.0
2571,15,8.1,7.4,0,1.0,0.5,10.0
2572,16,5.1,5.1,1,1.5,2.2,9.9
2573,13,5.2,8.2,0,0.0,1.0,5.4
2574,16,2.6,5.6,0,1.4,2.2,10.0
2575,14,7.4,7.7,0,0.5,0.7,9.4
2576,14,7.7,5.4,0,0.7,1.8,10.0
2577,19,3.9,8.4,0,2.3,0.8,10.0
2578,13,6.7,8.9,0,0.7,2.2,10.0
2579,15,6.9,6.8,0,1.4,0.8,10.0
2580,19,6.7,10.0,0,2.1,0.8,8.7
2581,14,4.6,6.0,0,2.2,1.8,7.5
2582,16,3.7,8.2,0,2.2,0.0,10.0
2583,15,4.5,5.9,0,1.2,0.1,10.0
2584,15,1.7,7.5,1,0.9,0.6,6.5
2585,18,3.2,6.8,1,1.9,1.5,10.0
2586,19,2.0,7.1,1,1.5,2.4,8.4
2587,16,2.7,3.6,0,1.3,1.8,10.0
2588,14,2.1,6.7,0,3.4,0.2,10.0
2589,16,6.5,8.1,1,1.0,0.7,10.0
2590,13,4.7,7.3,0,0.7,1.1,6.8
2591,14,5.5,6.6,1,0.7,1.4,10.0
2592,14,4.1,3.6,1,1.7,0.9,9.5
2593,18,8.2,7.3,0,0.2,1.4,9.6
2594,14,2.2,8.4,1,0.4,0.7,3.8
2595,13,2.5,6.1,0,0.4,0.7,4.5
2596,18,4.4,6.6,1,3.5,0.0,10.0
2597,16,6.8,10.0,0,0.7,0.9,9.8
2598,15,6.2,4.6,0,1.0,0.0,8.4
2599,14,3.9,6.6,0,1.3,0.5,8.1
2600,19,9.5,6.7,0,0.0,2.1,10.0
2601,14,3.6,7.2,1,1.2,2.3,9.3
2602,16,4.4,4.7,1,2.0,2.6,10.0
2603,13,7.1,4.9,0,1.5,1.9,10.0
2604,15,5.9,8.3,1,1.1,0.4,8.9
2605,18,5.0,7.6,0,1.8,1.1,9.9
2606,14,4.0,5.1,0,1.8,0.3,8.4
2607,19,4.2,6.0,1,3.4,0.3,9.3
2608,18,4.7,6.4,1,2.5,0.0,10.0
2609,14,2.2,5.5,0,2.9,2.2,8.1
2610,13,4.7,5.6,1,1.9,0.9,10.0
2611,15,7.1,4.7,1,0.3,1.5,10.0
2612,19,1.1,3.8,0,1.0,1.4,8.7
2613,15,4.9,6.7,1,2.9,1.1,9.7
2614,19,4.9,7.2,1,2.8,1.8,9.6
2615,18,6.2,6.9,1,1.2,0.8,10.0
2616,14,3.2,8.4,1,0.6,1.5,8.0
2617,16,7.7,7.4,0,2.3,0.9,10.0
2618,18,3.9,5.5,0,1.3,1.3,8.4
2619,18,5.7,7.5,0,2.2,0.6,8.9
2620,15,0.0,7.8,1,0.7,1.0,4.7
2621,13,3.2,4.4,1,3.6,1.1,8.5
2622,17,10.3,7.0,0,1.7,0.2,10.0
2623,17,3.3,5.3,0,1.4,0.4,10.0
2624,19,4.2,7.3,1,2.2,0.6,9.3
2625,17,1.1,5.5,1,0.6,0.4,6.4
2626,14,5.9,4.4,0,2.7,0.1,10.0
2627,14,7.2,7.2,1,1.5,0.0,10.0
2628,14,5.3,6.4,1,3.3,0.7,10.0
2629,19,4.5,5.9,0,1.4,0.1,10.0
2630,15,5.2,6.2,0,1.3,1.0,10.0
2631,16,3.0,7.2,0,3.6,0.9,8.9
2632,18,8.0,6.4,1,2.4,0.4,10.0
2633,16,4.8,5.2,1,1.7,1.6,9.5
2634,19,4.1,5.2,1,2.7,1.2,10.0
2635,14,6.9,6.1,1,0.6,0.0,9.5
2636,15,6.5,6.0,0,4.0,0.0,10.0
2637,16,3.7,6.1,1,3.3,1.0,10.0
2638,17,5.5,8.5,0,2.7,0.3,8.5
2639,15,5.1,4.9,1,0.3,2.3,9.8
2640,16,3.6,4.7,1,1.5,1.4,9.3
2641,17,8.9,4.8,0,2.9,0.3,10.0
2642,14,5.0,8.8,0,2.2,0.0,10.0
2643,14,5.3,6.3,0,0.0,0.1,5.5
2644,15,3.7,7.2,0,2.9,2.0,10.0
2645,17,4.4,7.3,1,3.1,0.4,10.0
2646,13,5.3,5.3,0,2.0,0.7,10.0
2647,19,7.0,7.5,0,1.3,1.3,10.0
2648,14,6.2,4.4,0,1.9,1.3,10.0
2649,15,4.8,5.3,1,1.7,0.0,9.2
2650,19,5.3,7.1,0,2.1,1.6,10.0
2651,14,5.0,6.9,0,0.9,1.1,9.3
2652,18,3.3,8.2,1,2.1,0.8,6.9
2653,16,6.1,3.2,1,2.8,0.4,10.0
2654,15,2.3,7.8,0,1.4,0.2,5.5
2655,13,4.7,8.8,0,1.2,0.1,9.4
2656,19,6.5,6.7,0,0.1,1.2,10.0
2657,15,5.1,8.4,0,0.6,0.8,10.0
2658,15,3.5,6.6,0,1.6,1.1,8.8
2659,15,4.7,6.3,1,0.8,0.1,10.0
2660,18,3.5,5.5,1,1.7,2.4,8.9
2661,16,5.2,6.0,0,0.0,0.0,7.7
2662,16,4.9,6.1,1,1.7,0.5,10.0
2663,19,8.3,7.1,1,0.0,1.6,10.0
2664,14,2.6,6.0,0,1.2,0.6,8.6
2665,16,5.7,7.7,0,2.4,0.0,9.6
2666,16,4.7,8.1,1,0.9,0.6,7.1
2667,14,4.0,8.4,0,1.5,1.3,5.9
2668,13,2.2,8.4,0,1.4,1.9,4.7
2669,13,4.8,5.8,1,1.7,0.5,10.0
2670,16,11.5,8.6,0,0.0,1.4,10.0
2671,15,5.8,8.2,1,2.6,1.5,10.0
2672,15,7.6,4.5,1,2.6,0.0,10.0
2673,15,5.8,3.0,0,2.0,1.1,10.0
2674,17,5.0,7.9,0,0.0,1.3,7.4
2675,14,4.5,6.5,1,1.6,1.0,10.0
2676,13,4.2,5.3,0,2.2,0.6,9.5
2677,15,5.0,7.1,1,1.0,1.9,7.6
2678,14,3.8,4.9,0,2.0,1.1,9.9
2679,17,5.0,8.1,1,1.7,0.6,10.0
2680,17,2.6,8.3,1,0.0,0.7,5.2
2681,19,6.2,8.2,1,2.1,1.2,10.0
2682,17,4.6,4.7,1,0.5,0.7,9.8
2683,16,3.2,6.7,1,0.8,1.5,7.2
2684,16,5.9,7.7,1,1.7,1.0,10.0
2685,18,5.8,5.5,0,1.9,2.2,9.7
2686,19,3.3,6.0,0,1.5,0.6,9.7
2687,16,5.6,4.1,0,2.2,1.0,10.0
2688,15,6.7,6.5,1,1.4,1.6,9.6
2689,14,8.3,7.9,1,2.0,2.0,10.0
2690,17,7.7,9.3,1,0.0,0.0,10.0
2691,19,3.6,7.4,1,0.4,2.3,5.5
2692,16,4.6,6.3,0,0.3,0.8,8.6
2693,18,4.5,7.3,0,2.2,1.7,6.1
2694,15,6.2,6.2,0,1.7,0.9,10.0
2695,14,4.1,6.8,1,0.2,2.0,10.0
2696,18,8.0,5.9,0,0.9,0.9,10.0
2697,13,6.2,3.8,0,0.2,0.7,10.0
2698,19,8.0,5.7,1,0.0,0.5,10.0
2699,19,4.3,4.9,0,0.8,0.4,9.1
2700,14,6.6,8.7,1,2.7,0.8,10.0
2701,19,4.3,5.4,1,2.2,0.6,9.0
2702,19,2.5,6.7,1,2.8,0.9,7.5
2703,16,6.2,7.1,1,3.3,0.7,10.0
2704,18,5.9,5.9,1,2.4,0.3,10.0
2705,14,2.7,6.0,1,3.2,0.2,9.0
2706,13,4.6,5.5,1,0.7,0.6,7.2
2707,15,1.7,5.4,0,1.1,0.2,6.0
2708,13,5.9,6.4,0,2.5,0.6,10.0
2709,15,6.1,7.3,0,1.7,0.7,10.0
2710,18,8.2,6.1,1,1.1,0.8,10.0
2711,16,4.6,4.4,0,3.5,1.9,10.0
2712,17,2.3,7.2,0,2.4,1.6,8.7
2713,13,6.3,6.6,1,1.4,1.3,10.0
2714,19,6.8,6.9,1,2.1,0.8,10.0
2715,14,4.7,6.1,1,3.1,2.4,10.0
2716,16,5.3,3.2,1,1.1,1.4,10.0
2717,15,3.5,5.2,0,2.2,0.8,10.0
2718,14,8.8,6.9,1,0.3,1.3,10.0
2719,14,3.2,6.2,1,2.1,0.2,10.0
2720,16,4.2,6.7,0,1.4,1.0,8.0
2721,14,2.3,5.5,1,1.6,2.3,7.7
2722,17,5.0,8.9,1,1.7,1.8,10.0
2723,15,4.9,5.8,1,3.6,0.7,10.0
2724,15,2.7,3.6,0,2.9,2.1,8.5
2725,17,5.6,5.0,0,1.3,1.6,8.2
2726,16,5.7,7.9,1,3.1,1.2,10.0
2727,19,4.4,5.9,1,1.4,1.4,9.7
2728,16,6.1,5.7,1,1.2,1.8,10.0
2729,18,5.2,9.5,1,0.7,0.9,10.0
2730,18,5.4,5.0,1,0.2,1.3,9.9
2731,16,4.6,5.9,0,2.0,1.7,6.1
2732,14,2.1,6.7,0,1.4,1.5,5.2
2733,17,6.2,6.7,0,0.7,2.0,10.0
2734,19,5.6,4.5,0,1.6,0.5,10.0
2735,16,7.8,3.9,1,2.4,1.5,10.0
2736,14,6.2,6.6,0,1.0,0.0,9.4
2737,17,8.0,5.8,0,1.7,0.5,10.0
2738,18,2.5,3.4,0,1.2,1.7,7.0
2739,14,5.0,5.8,1,2.4,0.1,10.0
2740,19,6.3,10.0,0,3.6,1.3,10.0
2741,16,6.7,3.5,0,2.1,1.7,10.0
2742,18,1.4,4.5,1,2.5,1.0,10.0
2743,15,3.0,3.8,0,1.2,1.6,7.6
2744,19,1.9,4.3,1,1.3,1.5,6.4
2745,16,2.0,8.3,1,2.7,1.7,5.8
2746,15,11.0,8.1,1,4.0,1.2,10.0
2747,14,4.3,9.3,0,0.0,1.0,9.0
2748,16,2.5,6.2,0,1.0,2.0,8.6
2749,18,8.5,4.9,0,0.0,0.9,10.0
2750,15,10.6,7.5,0,2.4,0.5,10.0
2751,15,8.9,3.5,0,1.4,1.1,10.0
2752,18,4.7,7.2,1,2.2,1.1,10.0
2753,14,8.9,6.5,1,1.3,1.5,10.0
2754,17,5.8,5.6,1,2.0,1.0,10.0
2755,18,2.6,8.8,1,2.3,2.1,8.0
2756,19,7.1,6.3,1,1.3,0.2,10.0
2757,16,7.9,7.6,1,2.0,0.4,10.0
2758,15,5.1,6.5,1,2.6,1.1,10.0
2759,17,6.4,4.0,1,2.4,1.3,10.0
2760,15,8.2,8.7,1,3.6,1.3,10.0
2761,16,4.1,9.5,1,1.0,0.8,4.3
2762,14,6.7,7.6,0,1.4,0.3,10.0
2763,16,5.8,6.2,1,0.2,1.1,8.8
2764,15,3.2,6.8,1,3.1,0.6,10.0
2765,16,4.1,9.3,0,0.0,0.6,7.4
2766,18,2.9,3.9,1,0.7,2.2,7.8
2767,19,4.4,6.4,0,0.7,2.0,10.0
2768,18,6.5,8.9,0,0.6,1.0,7.3
2769,13,5.7,7.9,1,2.1,0.4,10.0
2770,16,4.9,5.8,1,1.2,0.1,9.1
2771,13,4.7,7.5,1,2.5,0.1,10.0
2772,13,4.2,4.2,0,0.0,1.1,8.9
2773,18,5.4,9.1,0,2.4,1.4,10.0
2774,14,3.5,8.0,1,1.9,1.6,8.0
2775,14,3.8,3.9,0,2.5,2.3,8.0
2776,18,6.6,7.5,1,2.3,0.6,10.0
2777,13,5.4,6.1,1,1.6,0.0,8.6
2778,13,4.4,5.7,0,0.6,1.6,9.2
2779,16,6.3,6.0,0,0.0,0.0,6.9
2780,19,8.5,6.4,0,1.6,2.1,10.0
2781,16,4.1,6.4,0,0.4,0.3,8.6
2782,16,6.3,9.1,1,2.4,0.0,8.9
2783,14,6.3,4.9,1,0.0,1.6,10.0
2784,15,5.4,3.6,0,0.4,1.2,10.0
2785,17,7.3,6.6,1,1.5,0.8,10.0
2786,13,6.8,7.5,0,1.4,1.2,10.0
2787,14,5.1,6.0,0,1.4,0.6,10.0
2788,15,5.1,4.7,1,1.2,0.7,7.6
2789,14,3.5,6.4,0,0.6,1.3,7.9
2790,17,0.0,8.1,0,2.8,1.3,6.7
2791,17,5.3,5.5,1,2.3,0.7,10.0
2792,18,6.8,4.5,0,1.3,1.6,10.0
2793,15,6.6,4.9,1,1.7,1.4,10.0
2794,18,4.9,7.5,1,2.6,0.5,10.0
2795,17,8.4,7.1,0,1.4,1.5,10.0
2796,18,3.8,5.6,1,0.0,2.2,7.3
2797,15,6.0,9.2,1,0.5,0.9,10.0
2798,15,3.6,10.0,0,2.7,0.2,7.5
2799,15,4.3,6.5,0,2.8,0.7,10.0
2800,13,9.0,8.1,1,0.9,0.9,10.0
2801,13,6.1,4.0,0,1.3,0.8,10.0
2802,16,4.2,7.6,1,2.4,0.7,9.0
2803,15,5.7,6.4,1,0.7,1.6,10.0
2804,17,2.9,6.1,0,0.3,0.8,6.6
2805,14,8.8,8.3,0,0.2,0.8,10.0
2806,18,9.3,5.5,0,2.6,1.4,10.0
2807,15,3.6,6.1,0,1.0,1.7,8.1
2808,16,5.6,7.5,0,1.7,0.1,10.0
2809,16,5.2,5.2,0,2.0,0.1,10.0
2810,14,4.0,6.2,1,0.8,2.0,6.4
2811,18,1.3,5.4,1,1.9,1.3,5.4
2812,18,6.7,6.7,1,0.6,0.0,10.0
2813,13,5.7,5.8,0,2.4,0.8,10.0
2814,15,3.0,8.2,1,0.2,1.1,7.3
2815,14,1.2,5.9,0,1.1,1.8,8.5
2816,16,6.5,7.5,0,1.0,1.3,10.0
2817,16,4.5,3.0,1,0.9,0.2,9.5
2818,17,3.3,4.0,0,2.6,1.4,10.0
2819,13,6.5,8.1,1,1.8,1.1,10.0
2820,16,7.7,6.9,0,2.9,0.0,10.0
2821,14,6.5,9.1,0,0.7,1.3,5.9
2822,17,6.7,6.0,1,2.2,2.1,10.0
2823,14,2.4,6.6,1,2.1,0.1,9.5
2824,17,5.1,6.5,0,0.0,0.8,9.9
2825,14,6.9,4.2,0,3.0,0.4,10.0
2826,18,6.8,7.6,0,2.9,2.2,10.0
2827,18,3.5,5.5,1,1.3,0.8,9.9
2828,13,6.3,6.6,0,2.2,0.0,10.0
2829,16,3.2,6.5,0,2.2,1.2,7.9
2830,14,6.0,7.1,0,1.3,0.2,10.0
2831,16,1.9,6.7,0,0.9,0.6,6.4
2832,18,9.4,3.0,0,1.7,1.1,10.0
2833,15,7.6,5.2,1,1.0,0.6,10.0
2834,14,6.3,6.5,1,1.8,0.6,10.0
2835,19,5.4,8.4,0,1.9,0.9,10.0
2836,18,6.6,7.2,1,0.1,1.6,10.0
2837,19,2.0,7.1,0,0.8,0.2,7.0
2838,19,3.5,7.7,0,0.7,0.2,7.2
2839,19,5.2,7.5,0,2.5,1.3,9.4
2840,15,9.1,8.8,1,1.9,1.4,10.0
2841,19,4.4,7.1,0,1.6,1.7,8.4
2842,16,5.8,7.3,0,1.8,0.0,9.0
2843,18,0.0,7.1,0,2.3,1.5,3.6
2844,17,6.2,5.2,0,0.0,0.0,10.0
2845,14,2.1,7.1,1,0.8,0.0,6.8
2846,14,4.2,6.3,1,2.5,1.6,8.5
2847,19,3.1,5.5,0,0.0,2.3,5.7
2848,13,2.4,7.0,0,1.4,0.3,6.6
2849,17,6.5,7.1,0,0.9,1.5,10.0
2850,18,5.2,7.5,1,0.4,0.5,9.7
2851,14,2.0,8.0,1,1.3,1.6,3.7
2852,15,5.3,6.5,0,3.0,1.3,9.3
2853,19,5.5,8.5,1,2.0,1.1,5.4
2854,18,4.1,5.9,0,2.1,1.3,9.2
2855,15,3.2,7.4,0,3.1,0.0,10.0
2856,13,1.3,7.1,0,0.7,2.3,3.0
2857,16,4.7,8.3,0,2.3,1.9,9.6
2858,18,0.0,7.3,1,1.8,0.2,4.5
2859,14,7.4,5.9,0,1.5,1.0,10.0
2860,16,6.1,4.3,0,1.5,0.2,10.0
2861,14,9.5,5.8,1,2.0,0.2,10.0
2862,19,5.7,7.9,1,2.5,1.8,9.0
2863,14,6.8,5.6,1,0.9,0.3,10.0
2864,17,5.7,7.2,0,1.2,0.5,10.0
2865,14,0.0,5.2,0,1.9,1.4,8.0
2866,13,3.0,6.5,1,2.4,0.1,7.2
2867,15,3.5,3.2,1,1.0,2.0,10.0
2868,14,6.8,6.8,0,1.1,2.0,10.0
2869,19,7.9,7.9,0,3.3,0.3,10.0
2870,14,5.1,7.4,0,1.3,1.9,7.9
2871,18,5.7,9.0,0,1.8,0.1,10.0
2872,16,3.1,4.2,1,0.4,1.7,8.0
2873,18,0.6,7.8,0,1.7,1.1,8.3
2874,13,3.7,4.3,0,1.2,0.8,9.4
2875,14,6.5,5.1,1,2.1,1.6,10.0
2876,18,6.1,3.0,1,0.0,0.9,10.0
2877,16,4.4,7.4,1,0.8,2.0,8.1
2878,17,3.5,6.0,1,0.4,1.0,7.6
2879,17,7.1,7.1,1,3.2,1.7,10.0
2880,16,4.9,8.5,1,1.3,1.7,9.2
2881,19,4.1,5.6,0,2.3,1.0,10.0
2882,19,6.8,5.8,0,2.2,1.2,10.0
2883,13,4.7,5.8,1,1.4,1.2,10.0
2884,18,6.3,6.1,0,3.1,0.5,10.0
2885,16,5.0,7.1,0,1.5,2.2,9.6
2886,19,6.0,7.9,1,0.4,2.1,7.8
2887,14,5.8,6.4,0,2.6,0.8,10.0
2888,19,5.8,6.3,0,1.8,1.6,10.0
2889,14,3.3,8.7,1,1.3,0.6,5.7
2890,18,5.0,6.1,1,1.6,0.8,10.0
2891,13,8.0,5.9,1,1.6,1.2,9.9
2892,16,0.8,6.8,1,0.9,0.3,8.1
2893,16,2.6,5.5,0,2.5,0.7,9.6
2894,17,6.7,5.2,1,1.2,0.8,10.0
2895,15,5.0,4.1,1,2.5,0.1,10.0
2896,14,4.9,4.1,1,1.0,1.9,8.9
2897,15,5.5,6.5,1,1.8,0.8,9.6
2898,14,7.0,4.4,0,3.4,1.0,10.0
2899,15,5.7,5.4,1,1.2,1.6,10.0
2900,19,3.8,8.0,0,4.0,0.0,10.0
2901,14,6.1,6.8,1,0.0,0.1,10.0
2902,13,4.1,8.6,0,0.7,0.0,7.1
2903,13,5.0,4.8,1,1.0,0.9,10.0
2904,15,6.9,7.9,0,0.0,1.9,10.0
2905,18,7.3,6.8,1,3.3,2.4,10.0
2906,18,7.7,7.3,1,1.2,0.0,10.0
2907,14,2.6,7.3,1,1.8,1.3,8.0
2908,19,5.0,6.3,0,0.0,0.6,9.1
2909,18,6.7,8.3,1,1.6,1.0,7.8
2910,16,5.3,5.9,1,1.1,0.8,10.0
2911,19,5.8,7.5,1,0.9,2.3,10.0
2912,15,5.3,4.7,1,0.4,2.1,10.0
2913,13,5.0,7.1,0,2.6,0.8,10.0
2914,13,2.3,6.2,0,1.5,1.9,9.5
2915,19,7.4,5.7,1,1.3,0.9,9.9
2916,17,6.1,7.4,0,2.5,0.2,10.0
2917,18,6.7,5.8,1,0.0,0.5,10.0
2918,15,4.4,8.5,1,0.0,0.0,6.2
2919,18,6.3,8.0,1,2.3,2.6,10.0
2920,13,5.6,7.9,1,2.9,0.9,10.0
2921,14,4.1,6.9,1,1.1,1.1,9.3
2922,17,4.7,3.9,1,1.9,0.8,10.0
2923,13,6.0,10.0,1,3.1,0.5,10.0
2924,13,8.0,5.7,0,0.0,0.5,10.0
2925,18,6.6,7.7,0,1.0,2.2,9.6
2926,18,6.9,10.0,0,3.0,0.5,10.0
2927,13,2.1,7.0,0,1.9,1.4,6.0
2928,18,4.4,5.7,0,0.7,1.8,10.0
2929,19,2.4,8.0,0,0.0,0.8,3.5
2930,16,4.3,5.4,1,2.6,1.0,10.0
2931,14,4.4,6.2,0,1.9,0.8,7.6
2932,18,4.0,6.7,1,2.5,1.8,9.8
2933,19,6.0,9.2,0,1.2,0.0,10.0
2934,16,5.3,5.6,1,1.8,1.0,10.0
2935,17,3.4,6.4,1,1.2,2.2,6.8
2936,17,6.3,9.3,1,1.8,0.0,10.0
2937,17,4.8,7.0,0,1.2,0.1,7.9
2938,16,6.0,6.6,0,0.1,0.1,9.5
2939,18,4.6,8.0,1,2.7,1.9,7.6
2940,15,5.2,7.5,1,0.4,0.0,9.6
2941,14,8.1,6.9,0,1.8,0.1,10.0
2942,13,7.4,8.5,1,1.5,0.2,9.5
2943,17,3.8,7.9,0,0.7,0.9,7.2
2944,16,5.5,8.5,1,2.0,0.3,10.0
2945,19,7.0,5.9,1,1.6,0.9,10.0
2946,17,5.0,9.9,1,0.0,1.9,5.7
2947,15,6.8,3.9,0,1.3,0.8,10.0
2948,14,3.5,5.6,1,0.5,0.5,10.0
2949,17,7.5,3.8,1,0.4,0.4,10.0
2950,16,5.3,5.6,1,1.5,1.5,10.0
2951,18,4.1,6.1,1,1.8,1.0,10.0
2952,15,5.7,7.8,0,0.9,0.7,10.0
2953,14,5.2,7.1,0,1.7,1.6,10.0
2954,19,1.4,6.5,1,0.0,2.3,5.6
2955,16,4.8,5.3,1,2.1,0.6,9.4
2956,17,5.3,6.4,1,1.0,1.8,10.0
2957,18,6.2,4.7,0,0.1,1.0,8.8
2958,13,9.3,4.8,0,2.0,1.5,10.0
2959,15,7.4,6.8,1,3.0,0.0,10.0
2960,19,5.2,6.0,0,1.8,1.6,10.0
2961,19,5.5,7.1,1,2.7,1.5,10.0
2962,18,4.8,6.8,1,0.0,2.1,8.7
2963,14,5.3,9.2,0,0.9,0.8,7.4
2964,14,2.6,6.1,0,1.8,1.2,6.8
2965,13,2.7,7.5,0,3.3,2.5,10.0
2966,17,6.0,6.0,1,0.0,1.5,9.2
2967,17,3.7,8.3,0,0.1,0.6,6.0
2968,14,10.3,9.8,0,0.7,0.7,10.0
2969,13,2.7,6.8,0,4.0,1.1,6.4
2970,13,4.1,7.8,1,0.2,1.3,7.1
2971,14,3.5,5.6,0,1.7,1.0,7.9
2972,17,6.0,5.6,0,0.4,0.3,9.5
2973,16,3.6,7.0,1,1.5,1.4,9.6
2974,18,5.0,7.4,1,1.0,1.0,10.0
2975,17,4.5,8.2,0,2.9,2.2,10.0
2976,14,7.3,6.2,0,1.1,2.1,10.0
2977,14,2.3,4.2,1,2.2,0.4,7.5
2978,14,3.6,4.8,0,2.1,0.1,8.8
2979,14,8.7,7.1,0,1.9,1.3,10.0
2980,19,4.3,5.5,0,1.3,1.5,10.0
2981,19,1.4,6.1,1,1.5,1.3,4.4
2982,14,5.7,5.0,0,3.4,1.1,10.0
2983,14,7.0,3.5,1,1.6,0.0,10.0
2984,17,5.5,9.2,0,1.8,1.2,7.0
2985,18,2.2,4.2,0,0.2,2.2,6.2
2986,16,6.4,5.9,0,1.7,1.5,10.0
2987,13,6.0,7.0,0,1.1,2.0,10.0
2988,14,6.4,5.1,0,0.2,0.8,10.0
2989,18,5.1,7.1,0,1.4,1.1,8.4
2990,13,2.8,5.6,1,3.4,0.7,10.0
2991,16,6.3,5.7,1,2.3,2.0,9.6
2992,15,3.2,4.3,1,0.0,0.5,8.5
2993,17,9.0,6.9,1,1.1,2.1,10.0
2994,17,3.7,9.6,0,0.0,1.1,3.5
2995,16,3.9,6.4,1,1.8,1.0,9.8
2996,13,3.6,7.3,1,0.0,0.3,5.5
2997,14,3.2,6.5,0,0.2,2.4,6.2
2998,17,6.7,7.5,0,2.6,1.5,10.0
2999,17,3.5,6.9,1,2.3,0.1,6.3
